Fecha,Area_Sanitaria,Pacientes_Sin_Alta,Pacientes_Con_Alta,Exitus
"2020-03-01","A.S. A CORUÑA E CEE","0","0","0"
"2020-03-01","A.S. FERROL","0","0","0"
"2020-03-01","A.S. LUGO, A MARIÑA E MONFORTE","0","0","0"
"2020-03-01","A.S. OURENSE, VERÍN E O BARCO","0","0","0"
"2020-03-01","A.S. PONTEVEDRA E O SALNÉS","0","0","0"
"2020-03-01","A.S. SANTIAGO E BARBANZA","0","0","0"
"2020-03-01","A.S. VIGO","0","0","0"
"2020-03-01","GALICIA","0","0","0"
"2020-03-02","A.S. A CORUÑA E CEE","0","0","0"
"2020-03-02","A.S. FERROL","0","0","0"
"2020-03-02","A.S. LUGO, A MARIÑA E MONFORTE","0","0","0"
"2020-03-02","A.S. OURENSE, VERÍN E O BARCO","0","0","0"
"2020-03-02","A.S. PONTEVEDRA E O SALNÉS","0","0","0"
"2020-03-02","A.S. SANTIAGO E BARBANZA","0","0","0"
"2020-03-02","A.S. VIGO","0","0","0"
"2020-03-02","GALICIA","0","0","0"
"2020-03-03","A.S. A CORUÑA E CEE","0","0","0"
"2020-03-03","A.S. FERROL","0","0","0"
"2020-03-03","A.S. LUGO, A MARIÑA E MONFORTE","0","0","0"
"2020-03-03","A.S. OURENSE, VERÍN E O BARCO","0","0","0"
"2020-03-03","A.S. PONTEVEDRA E O SALNÉS","0","0","0"
"2020-03-03","A.S. SANTIAGO E BARBANZA","0","0","0"
"2020-03-03","A.S. VIGO","0","0","0"
"2020-03-03","GALICIA","0","0","0"
"2020-03-04","A.S. A CORUÑA E CEE","0","0","0"
"2020-03-04","A.S. FERROL","0","0","0"
"2020-03-04","A.S. LUGO, A MARIÑA E MONFORTE","0","0","0"
"2020-03-04","A.S. OURENSE, VERÍN E O BARCO","0","0","0"
"2020-03-04","A.S. PONTEVEDRA E O SALNÉS","0","0","0"
"2020-03-04","A.S. SANTIAGO E BARBANZA","0","0","0"
"2020-03-04","A.S. VIGO","0","0","0"
"2020-03-04","GALICIA","0","0","0"
"2020-03-05","A.S. A CORUÑA E CEE","0","0","0"
"2020-03-05","A.S. FERROL","0","0","0"
"2020-03-05","A.S. LUGO, A MARIÑA E MONFORTE","0","0","0"
"2020-03-05","A.S. OURENSE, VERÍN E O BARCO","0","0","0"
"2020-03-05","A.S. PONTEVEDRA E O SALNÉS","0","0","0"
"2020-03-05","A.S. SANTIAGO E BARBANZA","0","0","0"
"2020-03-05","A.S. VIGO","0","0","0"
"2020-03-05","GALICIA","0","0","0"
"2020-03-06","A.S. A CORUÑA E CEE","0","0","0"
"2020-03-06","A.S. FERROL","0","0","0"
"2020-03-06","A.S. LUGO, A MARIÑA E MONFORTE","0","0","0"
"2020-03-06","A.S. OURENSE, VERÍN E O BARCO","0","0","0"
"2020-03-06","A.S. PONTEVEDRA E O SALNÉS","0","0","0"
"2020-03-06","A.S. SANTIAGO E BARBANZA","0","0","0"
"2020-03-06","A.S. VIGO","4","0","0"
"2020-03-06","GALICIA","4","0","0"
"2020-03-07","A.S. A CORUÑA E CEE","0","0","0"
"2020-03-07","A.S. FERROL","0","0","0"
"2020-03-07","A.S. LUGO, A MARIÑA E MONFORTE","0","0","0"
"2020-03-07","A.S. OURENSE, VERÍN E O BARCO","0","0","0"
"2020-03-07","A.S. PONTEVEDRA E O SALNÉS","0","0","0"
"2020-03-07","A.S. SANTIAGO E BARBANZA","0","0","0"
"2020-03-07","A.S. VIGO","4","0","0"
"2020-03-07","GALICIA","4","0","0"
"2020-03-08","A.S. A CORUÑA E CEE","5","0","0"
"2020-03-08","A.S. FERROL","0","0","0"
"2020-03-08","A.S. LUGO, A MARIÑA E MONFORTE","0","0","0"
"2020-03-08","A.S. OURENSE, VERÍN E O BARCO","0","0","0"
"2020-03-08","A.S. PONTEVEDRA E O SALNÉS","0","0","0"
"2020-03-08","A.S. SANTIAGO E BARBANZA","0","0","0"
"2020-03-08","A.S. VIGO","4","0","0"
"2020-03-08","GALICIA","9","0","0"
"2020-03-09","A.S. A CORUÑA E CEE","5","0","0"
"2020-03-09","A.S. FERROL","1","0","0"
"2020-03-09","A.S. LUGO, A MARIÑA E MONFORTE","0","0","0"
"2020-03-09","A.S. OURENSE, VERÍN E O BARCO","0","0","0"
"2020-03-09","A.S. PONTEVEDRA E O SALNÉS","0","0","0"
"2020-03-09","A.S. SANTIAGO E BARBANZA","0","0","0"
"2020-03-09","A.S. VIGO","4","0","0"
"2020-03-09","GALICIA","10","0","0"
"2020-03-10","A.S. A CORUÑA E CEE","5","0","0"
"2020-03-10","A.S. FERROL","1","0","0"
"2020-03-10","A.S. LUGO, A MARIÑA E MONFORTE","0","0","0"
"2020-03-10","A.S. OURENSE, VERÍN E O BARCO","0","0","0"
"2020-03-10","A.S. PONTEVEDRA E O SALNÉS","1","0","0"
"2020-03-10","A.S. SANTIAGO E BARBANZA","1","0","0"
"2020-03-10","A.S. VIGO","4","0","0"
"2020-03-10","GALICIA","12","0","0"
"2020-03-11","A.S. A CORUÑA E CEE","24","0","0"
"2020-03-11","A.S. FERROL","1","0","0"
"2020-03-11","A.S. LUGO, A MARIÑA E MONFORTE","1","0","0"
"2020-03-11","A.S. OURENSE, VERÍN E O BARCO","0","0","0"
"2020-03-11","A.S. PONTEVEDRA E O SALNÉS","3","0","0"
"2020-03-11","A.S. SANTIAGO E BARBANZA","1","0","0"
"2020-03-11","A.S. VIGO","8","0","0"
"2020-03-11","GALICIA","38","0","0"
"2020-03-12","A.S. A CORUÑA E CEE","25","0","0"
"2020-03-12","A.S. FERROL","1","0","0"
"2020-03-12","A.S. LUGO, A MARIÑA E MONFORTE","4","0","0"
"2020-03-12","A.S. OURENSE, VERÍN E O BARCO","0","0","0"
"2020-03-12","A.S. PONTEVEDRA E O SALNÉS","7","0","0"
"2020-03-12","A.S. SANTIAGO E BARBANZA","2","0","0"
"2020-03-12","A.S. VIGO","11","0","0"
"2020-03-12","GALICIA","50","0","0"
"2020-03-13","A.S. A CORUÑA E CEE","55","0","0"
"2020-03-13","A.S. FERROL","1","0","0"
"2020-03-13","A.S. LUGO, A MARIÑA E MONFORTE","8","0","0"
"2020-03-13","A.S. OURENSE, VERÍN E O BARCO","4","0","0"
"2020-03-13","A.S. PONTEVEDRA E O SALNÉS","12","0","0"
"2020-03-13","A.S. SANTIAGO E BARBANZA","10","0","0"
"2020-03-13","A.S. VIGO","24","0","0"
"2020-03-13","GALICIA","114","0","0"
"2020-03-14","A.S. A CORUÑA E CEE","62","0","0"
"2020-03-14","A.S. FERROL","1","0","0"
"2020-03-14","A.S. LUGO, A MARIÑA E MONFORTE","9","0","0"
"2020-03-14","A.S. OURENSE, VERÍN E O BARCO","13","0","0"
"2020-03-14","A.S. PONTEVEDRA E O SALNÉS","16","0","0"
"2020-03-14","A.S. SANTIAGO E BARBANZA","20","0","0"
"2020-03-14","A.S. VIGO","37","0","1"
"2020-03-14","GALICIA","158","0","1"
"2020-03-15","A.S. A CORUÑA E CEE","78","0","0"
"2020-03-15","A.S. FERROL","2","0","0"
"2020-03-15","A.S. LUGO, A MARIÑA E MONFORTE","13","0","0"
"2020-03-15","A.S. OURENSE, VERÍN E O BARCO","23","0","0"
"2020-03-15","A.S. PONTEVEDRA E O SALNÉS","24","0","1"
"2020-03-15","A.S. SANTIAGO E BARBANZA","32","0","0"
"2020-03-15","A.S. VIGO","45","0","1"
"2020-03-15","GALICIA","217","0","2"
"2020-03-16","A.S. A CORUÑA E CEE","100","0","1"
"2020-03-16","A.S. FERROL","5","0","0"
"2020-03-16","A.S. LUGO, A MARIÑA E MONFORTE","28","0","0"
"2020-03-16","A.S. OURENSE, VERÍN E O BARCO","27","0","0"
"2020-03-16","A.S. PONTEVEDRA E O SALNÉS","33","0","1"
"2020-03-16","A.S. SANTIAGO E BARBANZA","45","0","0"
"2020-03-16","A.S. VIGO","52","0","1"
"2020-03-16","GALICIA","290","0","3"
"2020-03-17","A.S. A CORUÑA E CEE","136","0","2"
"2020-03-17","A.S. FERROL","10","0","0"
"2020-03-17","A.S. LUGO, A MARIÑA E MONFORTE","35","0","0"
"2020-03-17","A.S. OURENSE, VERÍN E O BARCO","37","0","0"
"2020-03-17","A.S. PONTEVEDRA E O SALNÉS","46","0","1"
"2020-03-17","A.S. SANTIAGO E BARBANZA","57","0","0"
"2020-03-17","A.S. VIGO","74","0","2"
"2020-03-17","GALICIA","395","0","5"
"2020-03-18","A.S. A CORUÑA E CEE","158","1","2"
"2020-03-18","A.S. FERROL","20","0","0"
"2020-03-18","A.S. LUGO, A MARIÑA E MONFORTE","47","0","0"
"2020-03-18","A.S. OURENSE, VERÍN E O BARCO","49","0","0"
"2020-03-18","A.S. PONTEVEDRA E O SALNÉS","71","1","1"
"2020-03-18","A.S. SANTIAGO E BARBANZA","85","0","0"
"2020-03-18","A.S. VIGO","115","0","2"
"2020-03-18","GALICIA","545","2","5"
"2020-03-19","A.S. A CORUÑA E CEE","188","1","3"
"2020-03-19","A.S. FERROL","24","0","0"
"2020-03-19","A.S. LUGO, A MARIÑA E MONFORTE","53","0","0"
"2020-03-19","A.S. OURENSE, VERÍN E O BARCO","62","0","0"
"2020-03-19","A.S. PONTEVEDRA E O SALNÉS","97","1","1"
"2020-03-19","A.S. SANTIAGO E BARBANZA","100","0","0"
"2020-03-19","A.S. VIGO","148","1","2"
"2020-03-19","GALICIA","672","3","6"
"2020-03-20","A.S. A CORUÑA E CEE","239","1","6"
"2020-03-20","A.S. FERROL","33","0","0"
"2020-03-20","A.S. LUGO, A MARIÑA E MONFORTE","59","0","1"
"2020-03-20","A.S. OURENSE, VERÍN E O BARCO","86","0","1"
"2020-03-20","A.S. PONTEVEDRA E O SALNÉS","122","2","1"
"2020-03-20","A.S. SANTIAGO E BARBANZA","119","0","0"
"2020-03-20","A.S. VIGO","185","2","2"
"2020-03-20","GALICIA","843","5","11"
"2020-03-21","A.S. A CORUÑA E CEE","276","1","10"
"2020-03-21","A.S. FERROL","40","0","0"
"2020-03-21","A.S. LUGO, A MARIÑA E MONFORTE","62","0","1"
"2020-03-21","A.S. OURENSE, VERÍN E O BARCO","122","0","1"
"2020-03-21","A.S. PONTEVEDRA E O SALNÉS","154","2","1"
"2020-03-21","A.S. SANTIAGO E BARBANZA","183","0","0"
"2020-03-21","A.S. VIGO","245","2","3"
"2020-03-21","GALICIA","1.082","5","16"
"2020-03-22","A.S. A CORUÑA E CEE","340","1","10"
"2020-03-22","A.S. FERROL","45","0","1"
"2020-03-22","A.S. LUGO, A MARIÑA E MONFORTE","65","0","1"
"2020-03-22","A.S. OURENSE, VERÍN E O BARCO","143","0","2"
"2020-03-22","A.S. PONTEVEDRA E O SALNÉS","164","3","2"
"2020-03-22","A.S. SANTIAGO E BARBANZA","201","0","1"
"2020-03-22","A.S. VIGO","286","2","3"
"2020-03-22","GALICIA","1.244","6","20"
"2020-03-23","A.S. A CORUÑA E CEE","393","2","11"
"2020-03-23","A.S. FERROL","47","0","2"
"2020-03-23","A.S. LUGO, A MARIÑA E MONFORTE","105","0","2"
"2020-03-23","A.S. OURENSE, VERÍN E O BARCO","180","0","2"
"2020-03-23","A.S. PONTEVEDRA E O SALNÉS","180","3","3"
"2020-03-23","A.S. SANTIAGO E BARBANZA","257","0","2"
"2020-03-23","A.S. VIGO","326","2","3"
"2020-03-23","GALICIA","1.488","7","25"
"2020-03-24","A.S. A CORUÑA E CEE","451","3","14"
"2020-03-24","A.S. FERROL","53","0","3"
"2020-03-24","A.S. LUGO, A MARIÑA E MONFORTE","125","0","4"
"2020-03-24","A.S. OURENSE, VERÍN E O BARCO","209","0","3"
"2020-03-24","A.S. PONTEVEDRA E O SALNÉS","207","5","3"
"2020-03-24","A.S. SANTIAGO E BARBANZA","292","0","2"
"2020-03-24","A.S. VIGO","404","2","3"
"2020-03-24","GALICIA","1.741","10","32"
"2020-03-25","A.S. A CORUÑA E CEE","542","4","18"
"2020-03-25","A.S. FERROL","61","0","4"
"2020-03-25","A.S. LUGO, A MARIÑA E MONFORTE","153","1","4"
"2020-03-25","A.S. OURENSE, VERÍN E O BARCO","274","0","4"
"2020-03-25","A.S. PONTEVEDRA E O SALNÉS","237","6","4"
"2020-03-25","A.S. SANTIAGO E BARBANZA","327","0","2"
"2020-03-25","A.S. VIGO","462","3","3"
"2020-03-25","GALICIA","2.056","14","39"
"2020-03-26","A.S. A CORUÑA E CEE","631","13","20"
"2020-03-26","A.S. FERROL","71","0","5"
"2020-03-26","A.S. LUGO, A MARIÑA E MONFORTE","221","1","4"
"2020-03-26","A.S. OURENSE, VERÍN E O BARCO","328","0","5"
"2020-03-26","A.S. PONTEVEDRA E O SALNÉS","266","7","6"
"2020-03-26","A.S. SANTIAGO E BARBANZA","434","0","4"
"2020-03-26","A.S. VIGO","540","5","4"
"2020-03-26","GALICIA","2.491","26","48"
"2020-03-27","A.S. A CORUÑA E CEE","733","17","23"
"2020-03-27","A.S. FERROL","128","1","6"
"2020-03-27","A.S. LUGO, A MARIÑA E MONFORTE","259","4","6"
"2020-03-27","A.S. OURENSE, VERÍN E O BARCO","395","0","6"
"2020-03-27","A.S. PONTEVEDRA E O SALNÉS","308","8","6"
"2020-03-27","A.S. SANTIAGO E BARBANZA","505","2","5"
"2020-03-27","A.S. VIGO","628","8","7"
"2020-03-27","GALICIA","2.956","40","59"
"2020-03-28","A.S. A CORUÑA E CEE","812","30","28"
"2020-03-28","A.S. FERROL","158","1","7"
"2020-03-28","A.S. LUGO, A MARIÑA E MONFORTE","256","8","7"
"2020-03-28","A.S. OURENSE, VERÍN E O BARCO","429","2","10"
"2020-03-28","A.S. PONTEVEDRA E O SALNÉS","332","10","6"
"2020-03-28","A.S. SANTIAGO E BARBANZA","539","7","8"
"2020-03-28","A.S. VIGO","714","15","12"
"2020-03-28","GALICIA","3.240","73","78"
"2020-03-29","A.S. A CORUÑA E CEE","844","36","30"
"2020-03-29","A.S. FERROL","171","2","8"
"2020-03-29","A.S. LUGO, A MARIÑA E MONFORTE","392","9","9"
"2020-03-29","A.S. OURENSE, VERÍN E O BARCO","512","7","11"
"2020-03-29","A.S. PONTEVEDRA E O SALNÉS","365","13","6"
"2020-03-29","A.S. SANTIAGO E BARBANZA","576","13","11"
"2020-03-29","A.S. VIGO","854","24","14"
"2020-03-29","GALICIA","3.714","104","89"
"2020-03-30","A.S. A CORUÑA E CEE","914","41","34"
"2020-03-30","A.S. FERROL","230","6","8"
"2020-03-30","A.S. LUGO, A MARIÑA E MONFORTE","448","13","9"
"2020-03-30","A.S. OURENSE, VERÍN E O BARCO","536","11","18"
"2020-03-30","A.S. PONTEVEDRA E O SALNÉS","370","16","8"
"2020-03-30","A.S. SANTIAGO E BARBANZA","599","18","15"
"2020-03-30","A.S. VIGO","897","31","24"
"2020-03-30","GALICIA","3.994","136","116"
"2020-03-31","A.S. A CORUÑA E CEE","1.001","54","40"
"2020-03-31","A.S. FERROL","249","9","8"
"2020-03-31","A.S. LUGO, A MARIÑA E MONFORTE","485","21","9"
"2020-03-31","A.S. OURENSE, VERÍN E O BARCO","634","12","22"
"2020-03-31","A.S. PONTEVEDRA E O SALNÉS","379","23","8"
"2020-03-31","A.S. SANTIAGO E BARBANZA","620","31","19"
"2020-03-31","A.S. VIGO","964","37","30"
"2020-03-31","GALICIA","4.332","187","136"
"2020-04-01","A.S. A CORUÑA E CEE","1.044","72","45"
"2020-04-01","A.S. FERROL","262","12","9"
"2020-04-01","A.S. LUGO, A MARIÑA E MONFORTE","512","29","12"
"2020-04-01","A.S. OURENSE, VERÍN E O BARCO","701","16","27"
"2020-04-01","A.S. PONTEVEDRA E O SALNÉS","402","32","8"
"2020-04-01","A.S. SANTIAGO E BARBANZA","661","35","20"
"2020-04-01","A.S. VIGO","987","53","37"
"2020-04-01","GALICIA","4.569","249","158"
"2020-04-02","A.S. A CORUÑA E CEE","1.068","89","49"
"2020-04-02","A.S. FERROL","278","17","9"
"2020-04-02","A.S. LUGO, A MARIÑA E MONFORTE","533","34","14"
"2020-04-02","A.S. OURENSE, VERÍN E O BARCO","877","22","31"
"2020-04-02","A.S. PONTEVEDRA E O SALNÉS","426","40","9"
"2020-04-02","A.S. SANTIAGO E BARBANZA","681","52","25"
"2020-04-02","A.S. VIGO","1.007","69","46"
"2020-04-02","GALICIA","4.870","323","183"
"2020-04-03","A.S. A CORUÑA E CEE","1.100","109","56"
"2020-04-03","A.S. FERROL","304","21","10"
"2020-04-03","A.S. LUGO, A MARIÑA E MONFORTE","556","34","14"
"2020-04-03","A.S. OURENSE, VERÍN E O BARCO","946","26","41"
"2020-04-03","A.S. PONTEVEDRA E O SALNÉS","436","55","9"
"2020-04-03","A.S. SANTIAGO E BARBANZA","725","63","30"
"2020-04-03","A.S. VIGO","1.017","88","50"
"2020-04-03","GALICIA","5.084","396","210"
"2020-04-04","A.S. A CORUÑA E CEE","1.103","143","60"
"2020-04-04","A.S. FERROL","316","21","12"
"2020-04-04","A.S. LUGO, A MARIÑA E MONFORTE","560","35","14"
"2020-04-04","A.S. OURENSE, VERÍN E O BARCO","998","37","45"
"2020-04-04","A.S. PONTEVEDRA E O SALNÉS","449","63","9"
"2020-04-04","A.S. SANTIAGO E BARBANZA","795","71","31"
"2020-04-04","A.S. VIGO","1.021","104","56"
"2020-04-04","GALICIA","5.242","474","227"
"2020-04-05","A.S. A CORUÑA E CEE","1.139","154","65"
"2020-04-05","A.S. FERROL","316","22","14"
"2020-04-05","A.S. LUGO, A MARIÑA E MONFORTE","572","35","17"
"2020-04-05","A.S. OURENSE, VERÍN E O BARCO","1.028","47","50"
"2020-04-05","A.S. PONTEVEDRA E O SALNÉS","451","75","9"
"2020-04-05","A.S. SANTIAGO E BARBANZA","798","104","36"
"2020-04-05","A.S. VIGO","1.010","137","63"
"2020-04-05","GALICIA","5.314","574","254"
"2020-04-06","A.S. A CORUÑA E CEE","1.181","186","69"
"2020-04-06","A.S. FERROL","323","25","15"
"2020-04-06","A.S. LUGO, A MARIÑA E MONFORTE","578","45","18"
"2020-04-06","A.S. OURENSE, VERÍN E O BARCO","1.029","60","52"
"2020-04-06","A.S. PONTEVEDRA E O SALNÉS","451","81","10"
"2020-04-06","A.S. SANTIAGO E BARBANZA","808","112","40"
"2020-04-06","A.S. VIGO","1.017","159","66"
"2020-04-06","GALICIA","5.387","668","270"
"2020-04-07","A.S. A CORUÑA E CEE","1.175","218","75"
"2020-04-07","A.S. FERROL","329","28","16"
"2020-04-07","A.S. LUGO, A MARIÑA E MONFORTE","559","76","19"
"2020-04-07","A.S. OURENSE, VERÍN E O BARCO","1.083","75","60"
"2020-04-07","A.S. PONTEVEDRA E O SALNÉS","447","90","10"
"2020-04-07","A.S. SANTIAGO E BARBANZA","824","153","44"
"2020-04-07","A.S. VIGO","1.017","178","74"
"2020-04-07","GALICIA","5.434","818","298"
"2020-04-08","A.S. A CORUÑA E CEE","1.180","258","79"
"2020-04-08","A.S. FERROL","337","31","16"
"2020-04-08","A.S. LUGO, A MARIÑA E MONFORTE","544","99","20"
"2020-04-08","A.S. OURENSE, VERÍN E O BARCO","1.100","95","61"
"2020-04-08","A.S. PONTEVEDRA E O SALNÉS","457","106","11"
"2020-04-08","A.S. SANTIAGO E BARBANZA","840","173","44"
"2020-04-08","A.S. VIGO","1.023","210","79"
"2020-04-08","GALICIA","5.481","972","310"
"2020-04-09","A.S. A CORUÑA E CEE","1.145","316","86"
"2020-04-09","A.S. FERROL","335","36","16"
"2020-04-09","A.S. LUGO, A MARIÑA E MONFORTE","537","117","21"
"2020-04-09","A.S. OURENSE, VERÍN E O BARCO","1.113","127","67"
"2020-04-09","A.S. PONTEVEDRA E O SALNÉS","463","118","11"
"2020-04-09","A.S. SANTIAGO E BARBANZA","849","186","47"
"2020-04-09","A.S. VIGO","1.027","241","84"
"2020-04-09","GALICIA","5.469","1.141","332"
"2020-04-10","A.S. A CORUÑA E CEE","1.126","379","91"
"2020-04-10","A.S. FERROL","333","44","17"
"2020-04-10","A.S. LUGO, A MARIÑA E MONFORTE","537","147","21"
"2020-04-10","A.S. OURENSE, VERÍN E O BARCO","1.145","157","77"
"2020-04-10","A.S. PONTEVEDRA E O SALNÉS","458","135","11"
"2020-04-10","A.S. SANTIAGO E BARBANZA","795","244","55"
"2020-04-10","A.S. VIGO","1.000","291","91"
"2020-04-10","GALICIA","5.394","1.397","363"
"2020-04-11","A.S. A CORUÑA E CEE","1.120","447","96"
"2020-04-11","A.S. FERROL","284","97","18"
"2020-04-11","A.S. LUGO, A MARIÑA E MONFORTE","515","172","22"
"2020-04-11","A.S. OURENSE, VERÍN E O BARCO","1.135","198","79"
"2020-04-11","A.S. PONTEVEDRA E O SALNÉS","446","160","11"
"2020-04-11","A.S. SANTIAGO E BARBANZA","745","303","58"
"2020-04-11","A.S. VIGO","1.000","317","92"
"2020-04-11","GALICIA","5.245","1.694","376"
"2020-04-12","A.S. A CORUÑA E CEE","1.087","512","97"
"2020-04-12","A.S. FERROL","270","122","21"
"2020-04-12","A.S. LUGO, A MARIÑA E MONFORTE","516","173","23"
"2020-04-12","A.S. OURENSE, VERÍN E O BARCO","1.169","204","81"
"2020-04-12","A.S. PONTEVEDRA E O SALNÉS","435","182","12"
"2020-04-12","A.S. SANTIAGO E BARBANZA","719","337","60"
"2020-04-12","A.S. VIGO","970","358","96"
"2020-04-12","GALICIA","5.166","1.888","390"
"2020-04-13","A.S. A CORUÑA E CEE","1.077","542","99"
"2020-04-13","A.S. FERROL","249","146","21"
"2020-04-13","A.S. LUGO, A MARIÑA E MONFORTE","424","268","23"
"2020-04-13","A.S. OURENSE, VERÍN E O BARCO","1.132","249","83"
"2020-04-13","A.S. PONTEVEDRA E O SALNÉS","416","207","12"
"2020-04-13","A.S. SANTIAGO E BARBANZA","694","378","64"
"2020-04-13","A.S. VIGO","957","393","100"
"2020-04-13","GALICIA","4.949","2.183","402"
"2020-04-14","A.S. A CORUÑA E CEE","1.027","617","106"
"2020-04-14","A.S. FERROL","216","181","22"
"2020-04-14","A.S. LUGO, A MARIÑA E MONFORTE","392","305","24"
"2020-04-14","A.S. OURENSE, VERÍN E O BARCO","1.126","268","85"
"2020-04-14","A.S. PONTEVEDRA E O SALNÉS","407","221","12"
"2020-04-14","A.S. SANTIAGO E BARBANZA","672","427","65"
"2020-04-14","A.S. VIGO","928","428","104"
"2020-04-14","GALICIA","4.768","2.447","418"
"2020-04-15","A.S. A CORUÑA E CEE","1.033","688","113"
"2020-04-15","A.S. FERROL","193","213","22"
"2020-04-15","A.S. LUGO, A MARIÑA E MONFORTE","361","341","25"
"2020-04-15","A.S. OURENSE, VERÍN E O BARCO","1.069","345","87"
"2020-04-15","A.S. PONTEVEDRA E O SALNÉS","409","231","12"
"2020-04-15","A.S. SANTIAGO E BARBANZA","660","457","66"
"2020-04-15","A.S. VIGO","907","472","105"
"2020-04-15","GALICIA","4.632","2.747","430"
"2020-04-16","A.S. A CORUÑA E CEE","1.017","748","117"
"2020-04-16","A.S. FERROL","187","224","23"
"2020-04-16","A.S. LUGO, A MARIÑA E MONFORTE","327","376","26"
"2020-04-16","A.S. OURENSE, VERÍN E O BARCO","1.025","417","87"
"2020-04-16","A.S. PONTEVEDRA E O SALNÉS","392","253","12"
"2020-04-16","A.S. SANTIAGO E BARBANZA","626","513","68"
"2020-04-16","A.S. VIGO","889","510","108"
"2020-04-16","GALICIA","4.463","3.041","441"
"2020-04-17","A.S. A CORUÑA E CEE","978","802","120"
"2020-04-17","A.S. FERROL","168","245","23"
"2020-04-17","A.S. LUGO, A MARIÑA E MONFORTE","304","404","26"
"2020-04-17","A.S. OURENSE, VERÍN E O BARCO","967","493","90"
"2020-04-17","A.S. PONTEVEDRA E O SALNÉS","368","282","13"
"2020-04-17","A.S. SANTIAGO E BARBANZA","603","543","72"
"2020-04-17","A.S. VIGO","867","547","109"
"2020-04-17","GALICIA","4.255","3.316","453"
"2020-04-18","A.S. A CORUÑA E CEE","957","846","125"
"2020-04-18","A.S. FERROL","145","268","24"
"2020-04-18","A.S. LUGO, A MARIÑA E MONFORTE","285","424","26"
"2020-04-18","A.S. OURENSE, VERÍN E O BARCO","949","580","96"
"2020-04-18","A.S. PONTEVEDRA E O SALNÉS","348","303","14"
"2020-04-18","A.S. SANTIAGO E BARBANZA","574","578","75"
"2020-04-18","A.S. VIGO","886","568","112"
"2020-04-18","GALICIA","4.144","3.567","472"
"2020-04-19","A.S. A CORUÑA E CEE","946","874","128"
"2020-04-19","A.S. FERROL","148","274","24"
"2020-04-19","A.S. LUGO, A MARIÑA E MONFORTE","290","433","26"
"2020-04-19","A.S. OURENSE, VERÍN E O BARCO","942","603","96"
"2020-04-19","A.S. PONTEVEDRA E O SALNÉS","331","325","14"
"2020-04-19","A.S. SANTIAGO E BARBANZA","558","618","76"
"2020-04-19","A.S. VIGO","898","588","114"
"2020-04-19","GALICIA","4.113","3.715","478"
"2020-04-20","A.S. A CORUÑA E CEE","952","900","132"
"2020-04-20","A.S. FERROL","154","278","25"
"2020-04-20","A.S. LUGO, A MARIÑA E MONFORTE","270","456","28"
"2020-04-20","A.S. OURENSE, VERÍN E O BARCO","902","651","98"
"2020-04-20","A.S. PONTEVEDRA E O SALNÉS","307","353","14"
"2020-04-20","A.S. SANTIAGO E BARBANZA","538","651","77"
"2020-04-20","A.S. VIGO","911","614","114"
"2020-04-20","GALICIA","4.034","3.903","488"
"2020-04-21","A.S. A CORUÑA E CEE","989","957","135"
"2020-04-21","A.S. FERROL","148","296","25"
"2020-04-21","A.S. LUGO, A MARIÑA E MONFORTE","248","490","28"
"2020-04-21","A.S. OURENSE, VERÍN E O BARCO","869","701","99"
"2020-04-21","A.S. PONTEVEDRA E O SALNÉS","309","366","15"
"2020-04-21","A.S. SANTIAGO E BARBANZA","508","696","83"
"2020-04-21","A.S. VIGO","907","646","117"
"2020-04-21","GALICIA","3.978","4.152","502"
"2020-04-22","A.S. A CORUÑA E CEE","989","1.002","137"
"2020-04-22","A.S. FERROL","153","307","25"
"2020-04-22","A.S. LUGO, A MARIÑA E MONFORTE","235","520","28"
"2020-04-22","A.S. OURENSE, VERÍN E O BARCO","830","759","101"
"2020-04-22","A.S. PONTEVEDRA E O SALNÉS","306","389","15"
"2020-04-22","A.S. SANTIAGO E BARBANZA","480","748","85"
"2020-04-22","A.S. VIGO","917","678","119"
"2020-04-22","GALICIA","3.910","4.403","510"
"2020-04-23","A.S. A CORUÑA E CEE","931","1.109","137"
"2020-04-23","A.S. FERROL","141","327","26"
"2020-04-23","A.S. LUGO, A MARIÑA E MONFORTE","239","541","28"
"2020-04-23","A.S. OURENSE, VERÍN E O BARCO","800","801","104"
"2020-04-23","A.S. PONTEVEDRA E O SALNÉS","284","425","15"
"2020-04-23","A.S. SANTIAGO E BARBANZA","453","812","86"
"2020-04-23","A.S. VIGO","897","726","120"
"2020-04-23","GALICIA","3.745","4.741","516"
"2020-04-24","A.S. A CORUÑA E CEE","908","1.182","143"
"2020-04-24","A.S. FERROL","151","332","26"
"2020-04-24","A.S. LUGO, A MARIÑA E MONFORTE","235","558","28"
"2020-04-24","A.S. OURENSE, VERÍN E O BARCO","741","877","107"
"2020-04-24","A.S. PONTEVEDRA E O SALNÉS","263","461","15"
"2020-04-24","A.S. SANTIAGO E BARBANZA","452","843","88"
"2020-04-24","A.S. VIGO","914","776","122"
"2020-04-24","GALICIA","3.664","5.029","529"
"2020-04-25","A.S. A CORUÑA E CEE","878","1.242","146"
"2020-04-25","A.S. FERROL","146","338","26"
"2020-04-25","A.S. LUGO, A MARIÑA E MONFORTE","220","582","28"
"2020-04-25","A.S. OURENSE, VERÍN E O BARCO","708","923","109"
"2020-04-25","A.S. PONTEVEDRA E O SALNÉS","249","477","15"
"2020-04-25","A.S. SANTIAGO E BARBANZA","447","861","89"
"2020-04-25","A.S. VIGO","888","806","124"
"2020-04-25","GALICIA","3.536","5.229","537"
"2020-04-26","A.S. A CORUÑA E CEE","825","1.309","147"
"2020-04-26","A.S. FERROL","146","339","27"
"2020-04-26","A.S. LUGO, A MARIÑA E MONFORTE","212","590","28"
"2020-04-26","A.S. OURENSE, VERÍN E O BARCO","686","953","110"
"2020-04-26","A.S. PONTEVEDRA E O SALNÉS","231","496","15"
"2020-04-26","A.S. SANTIAGO E BARBANZA","452","867","92"
"2020-04-26","A.S. VIGO","857","852","124"
"2020-04-26","GALICIA","3.409","5.406","543"
"2020-04-27","A.S. A CORUÑA E CEE","798","1.341","149"
"2020-04-27","A.S. FERROL","131","363","27"
"2020-04-27","A.S. LUGO, A MARIÑA E MONFORTE","207","601","28"
"2020-04-27","A.S. OURENSE, VERÍN E O BARCO","658","997","113"
"2020-04-27","A.S. PONTEVEDRA E O SALNÉS","211","527","15"
"2020-04-27","A.S. SANTIAGO E BARBANZA","453","890","96"
"2020-04-27","A.S. VIGO","837","904","124"
"2020-04-27","GALICIA","3.295","5.623","552"
"2020-04-28","A.S. A CORUÑA E CEE","777","1.384","149"
"2020-04-28","A.S. FERROL","127","377","27"
"2020-04-28","A.S. LUGO, A MARIÑA E MONFORTE","203","613","28"
"2020-04-28","A.S. OURENSE, VERÍN E O BARCO","650","1.022","113"
"2020-04-28","A.S. PONTEVEDRA E O SALNÉS","185","560","15"
"2020-04-28","A.S. SANTIAGO E BARBANZA","437","922","97"
"2020-04-28","A.S. VIGO","854","923","125"
"2020-04-28","GALICIA","3.233","5.801","554"
"2020-04-29","A.S. A CORUÑA E CEE","676","1.514","150"
"2020-04-29","A.S. FERROL","122","389","27"
"2020-04-29","A.S. LUGO, A MARIÑA E MONFORTE","189","636","28"
"2020-04-29","A.S. OURENSE, VERÍN E O BARCO","612","1.065","114"
"2020-04-29","A.S. PONTEVEDRA E O SALNÉS","181","572","15"
"2020-04-29","A.S. SANTIAGO E BARBANZA","421","972","98"
"2020-04-29","A.S. VIGO","865","953","125"
"2020-04-29","GALICIA","3.066","6.101","557"
"2020-04-30","A.S. A CORUÑA E CEE","626","1.571","152"
"2020-04-30","A.S. FERROL","105","414","27"
"2020-04-30","A.S. LUGO, A MARIÑA E MONFORTE","169","665","28"
"2020-04-30","A.S. OURENSE, VERÍN E O BARCO","578","1.113","116"
"2020-04-30","A.S. PONTEVEDRA E O SALNÉS","167","593","16"
"2020-04-30","A.S. SANTIAGO E BARBANZA","383","1.032","100"
"2020-04-30","A.S. VIGO","788","1.065","126"
"2020-04-30","GALICIA","2.816","6.453","565"
"2020-05-01","A.S. A CORUÑA E CEE","604","1.612","152"
"2020-05-01","A.S. FERROL","99","420","27"
"2020-05-01","A.S. LUGO, A MARIÑA E MONFORTE","161","673","28"
"2020-05-01","A.S. OURENSE, VERÍN E O BARCO","537","1.162","119"
"2020-05-01","A.S. PONTEVEDRA E O SALNÉS","153","610","16"
"2020-05-01","A.S. SANTIAGO E BARBANZA","361","1.056","101"
"2020-05-01","A.S. VIGO","774","1.088","126"
"2020-05-01","GALICIA","2.689","6.621","569"
"2020-05-02","A.S. A CORUÑA E CEE","575","1.653","154"
"2020-05-02","A.S. FERROL","92","426","29"
"2020-05-02","A.S. LUGO, A MARIÑA E MONFORTE","158","680","28"
"2020-05-02","A.S. OURENSE, VERÍN E O BARCO","510","1.195","120"
"2020-05-02","A.S. PONTEVEDRA E O SALNÉS","141","625","16"
"2020-05-02","A.S. SANTIAGO E BARBANZA","356","1.068","102"
"2020-05-02","A.S. VIGO","742","1.127","126"
"2020-05-02","GALICIA","2.574","6.774","575"
"2020-05-03","A.S. A CORUÑA E CEE","539","1.700","157"
"2020-05-03","A.S. FERROL","86","432","31"
"2020-05-03","A.S. LUGO, A MARIÑA E MONFORTE","154","685","28"
"2020-05-03","A.S. OURENSE, VERÍN E O BARCO","486","1.228","121"
"2020-05-03","A.S. PONTEVEDRA E O SALNÉS","135","634","16"
"2020-05-03","A.S. SANTIAGO E BARBANZA","349","1.077","102"
"2020-05-03","A.S. VIGO","706","1.169","126"
"2020-05-03","GALICIA","2.455","6.925","581"
"2020-05-04","A.S. A CORUÑA E CEE","516","1.729","159"
"2020-05-04","A.S. FERROL","80","446","31"
"2020-05-04","A.S. LUGO, A MARIÑA E MONFORTE","126","718","28"
"2020-05-04","A.S. OURENSE, VERÍN E O BARCO","426","1.306","122"
"2020-05-04","A.S. PONTEVEDRA E O SALNÉS","119","656","16"
"2020-05-04","A.S. SANTIAGO E BARBANZA","334","1.127","103"
"2020-05-04","A.S. VIGO","648","1.262","126"
"2020-05-04","GALICIA","2.249","7.244","585"
"2020-05-05","A.S. A CORUÑA E CEE","502","1.771","160"
"2020-05-05","A.S. FERROL","75","455","31"
"2020-05-05","A.S. LUGO, A MARIÑA E MONFORTE","113","744","28"
"2020-05-05","A.S. OURENSE, VERÍN E O BARCO","390","1.356","123"
"2020-05-05","A.S. PONTEVEDRA E O SALNÉS","110","671","16"
"2020-05-05","A.S. SANTIAGO E BARBANZA","299","1.173","105"
"2020-05-05","A.S. VIGO","612","1.322","128"
"2020-05-05","GALICIA","2.101","7.492","591"
"2020-05-06","A.S. A CORUÑA E CEE","471","1.822","160"
"2020-05-06","A.S. FERROL","71","466","32"
"2020-05-06","A.S. LUGO, A MARIÑA E MONFORTE","106","757","28"
"2020-05-06","A.S. OURENSE, VERÍN E O BARCO","383","1.387","124"
"2020-05-06","A.S. PONTEVEDRA E O SALNÉS","101","688","16"
"2020-05-06","A.S. SANTIAGO E BARBANZA","274","1.219","105"
"2020-05-06","A.S. VIGO","612","1.353","129"
"2020-05-06","GALICIA","2.018","7.692","594"
"2020-05-07","A.S. A CORUÑA E CEE","466","1.866","160"
"2020-05-07","A.S. FERROL","55","484","32"
"2020-05-07","A.S. LUGO, A MARIÑA E MONFORTE","105","768","28"
"2020-05-07","A.S. OURENSE, VERÍN E O BARCO","363","1.412","124"
"2020-05-07","A.S. PONTEVEDRA E O SALNÉS","100","698","16"
"2020-05-07","A.S. SANTIAGO E BARBANZA","281","1.261","106"
"2020-05-07","A.S. VIGO","625","1.381","129"
"2020-05-07","GALICIA","1.995","7.870","595"
"2020-05-08","A.S. A CORUÑA E CEE","458","1.902","161"
"2020-05-08","A.S. FERROL","50","491","33"
"2020-05-08","A.S. LUGO, A MARIÑA E MONFORTE","91","785","28"
"2020-05-08","A.S. OURENSE, VERÍN E O BARCO","341","1.440","125"
"2020-05-08","A.S. PONTEVEDRA E O SALNÉS","100","701","16"
"2020-05-08","A.S. SANTIAGO E BARBANZA","261","1.328","107"
"2020-05-08","A.S. VIGO","588","1.439","129"
"2020-05-08","GALICIA","1.889","8.086","599"
"2020-05-09","A.S. A CORUÑA E CEE","427","1.941","161"
"2020-05-09","A.S. FERROL","44","499","33"
"2020-05-09","A.S. LUGO, A MARIÑA E MONFORTE","90","786","28"
"2020-05-09","A.S. OURENSE, VERÍN E O BARCO","323","1.462","126"
"2020-05-09","A.S. PONTEVEDRA E O SALNÉS","93","711","16"
"2020-05-09","A.S. SANTIAGO E BARBANZA","258","1.370","107"
"2020-05-09","A.S. VIGO","548","1.486","129"
"2020-05-09","GALICIA","1.783","8.255","600"
"2020-05-10","A.S. A CORUÑA E CEE","381","1.991","161"
"2020-05-10","A.S. FERROL","42","503","33"
"2020-05-10","A.S. LUGO, A MARIÑA E MONFORTE","90","786","28"
"2020-05-10","A.S. OURENSE, VERÍN E O BARCO","316","1.473","126"
"2020-05-10","A.S. PONTEVEDRA E O SALNÉS","93","715","16"
"2020-05-10","A.S. SANTIAGO E BARBANZA","212","1.420","107"
"2020-05-10","A.S. VIGO","519","1.515","129"
"2020-05-10","GALICIA","1.653","8.403","600"
"2020-05-11","A.S. A CORUÑA E CEE","373","2.027","161"
"2020-05-11","A.S. FERROL","41","508","33"
"2020-05-11","A.S. LUGO, A MARIÑA E MONFORTE","83","797","28"
"2020-05-11","A.S. OURENSE, VERÍN E O BARCO","296","1.501","127"
"2020-05-11","A.S. PONTEVEDRA E O SALNÉS","84","725","16"
"2020-05-11","A.S. SANTIAGO E BARBANZA","211","1.424","107"
"2020-05-11","A.S. VIGO","493","1.563","129"
"2020-05-11","GALICIA","1.581","8.545","601"
"2020-05-12","A.S. A CORUÑA E CEE","362","2.062","162"
"2020-05-12","A.S. FERROL","34","515","33"
"2020-05-12","A.S. LUGO, A MARIÑA E MONFORTE","74","809","28"
"2020-05-12","A.S. OURENSE, VERÍN E O BARCO","275","1.524","127"
"2020-05-12","A.S. PONTEVEDRA E O SALNÉS","77","735","16"
"2020-05-12","A.S. SANTIAGO E BARBANZA","189","1.450","107"
"2020-05-12","A.S. VIGO","421","1.643","129"
"2020-05-12","GALICIA","1.432","8.738","602"
"2020-05-13","A.S. A CORUÑA E CEE","333","2.108","163"
"2020-05-13","A.S. FERROL","30","522","33"
"2020-05-13","A.S. LUGO, A MARIÑA E MONFORTE","70","818","28"
"2020-05-13","A.S. OURENSE, VERÍN E O BARCO","259","1.548","129"
"2020-05-13","A.S. PONTEVEDRA E O SALNÉS","69","748","16"
"2020-05-13","A.S. SANTIAGO E BARBANZA","177","1.470","107"
"2020-05-13","A.S. VIGO","371","1.701","129"
"2020-05-13","GALICIA","1.309","8.915","605"
"2020-05-14","A.S. A CORUÑA E CEE","287","2.162","163"
"2020-05-14","A.S. FERROL","27","530","33"
"2020-05-14","A.S. LUGO, A MARIÑA E MONFORTE","70","823","28"
"2020-05-14","A.S. OURENSE, VERÍN E O BARCO","243","1.582","129"
"2020-05-14","A.S. PONTEVEDRA E O SALNÉS","62","764","16"
"2020-05-14","A.S. SANTIAGO E BARBANZA","159","1.494","107"
"2020-05-14","A.S. VIGO","356","1.727","129"
"2020-05-14","GALICIA","1.204","9.082","605"
"2020-05-15","A.S. A CORUÑA E CEE","262","2.194","163"
"2020-05-15","A.S. FERROL","27","534","33"
"2020-05-15","A.S. LUGO, A MARIÑA E MONFORTE","65","831","28"
"2020-05-15","A.S. OURENSE, VERÍN E O BARCO","208","1.626","130"
"2020-05-15","A.S. PONTEVEDRA E O SALNÉS","57","774","16"
"2020-05-15","A.S. SANTIAGO E BARBANZA","144","1.512","107"
"2020-05-15","A.S. VIGO","334","1.753","129"
"2020-05-15","GALICIA","1.097","9.224","606"
"2020-05-16","A.S. A CORUÑA E CEE","245","2.212","163"
"2020-05-16","A.S. FERROL","24","537","33"
"2020-05-16","A.S. LUGO, A MARIÑA E MONFORTE","70","831","28"
"2020-05-16","A.S. OURENSE, VERÍN E O BARCO","198","1.638","130"
"2020-05-16","A.S. PONTEVEDRA E O SALNÉS","53","781","16"
"2020-05-16","A.S. SANTIAGO E BARBANZA","142","1.515","108"
"2020-05-16","A.S. VIGO","334","1.762","129"
"2020-05-16","GALICIA","1.066","9.276","607"
"2020-05-17","A.S. A CORUÑA E CEE","241","2.231","163"
"2020-05-17","A.S. FERROL","25","537","33"
"2020-05-17","A.S. LUGO, A MARIÑA E MONFORTE","67","834","28"
"2020-05-17","A.S. OURENSE, VERÍN E O BARCO","197","1.639","130"
"2020-05-17","A.S. PONTEVEDRA E O SALNÉS","51","785","16"
"2020-05-17","A.S. SANTIAGO E BARBANZA","138","1.523","109"
"2020-05-17","A.S. VIGO","324","1.773","129"
"2020-05-17","GALICIA","1.043","9.322","608"
"2020-05-18","A.S. A CORUÑA E CEE","236","2.251","163"
"2020-05-18","A.S. FERROL","20","544","33"
"2020-05-18","A.S. LUGO, A MARIÑA E MONFORTE","67","837","28"
"2020-05-18","A.S. OURENSE, VERÍN E O BARCO","167","1.674","130"
"2020-05-18","A.S. PONTEVEDRA E O SALNÉS","48","794","16"
"2020-05-18","A.S. SANTIAGO E BARBANZA","131","1.533","109"
"2020-05-18","A.S. VIGO","293","1.811","129"
"2020-05-18","GALICIA","962","9.444","608"
"2020-05-19","A.S. A CORUÑA E CEE","223","2.291","164"
"2020-05-19","A.S. FERROL","23","549","33"
"2020-05-19","A.S. LUGO, A MARIÑA E MONFORTE","61","846","28"
"2020-05-19","A.S. OURENSE, VERÍN E O BARCO","158","1.691","130"
"2020-05-19","A.S. PONTEVEDRA E O SALNÉS","46","798","16"
"2020-05-19","A.S. SANTIAGO E BARBANZA","126","1.545","109"
"2020-05-19","A.S. VIGO","272","1.838","129"
"2020-05-19","GALICIA","909","9.558","609"
"2020-05-20","A.S. A CORUÑA E CEE","210","2.311","164"
"2020-05-20","A.S. FERROL","21","553","33"
"2020-05-20","A.S. LUGO, A MARIÑA E MONFORTE","58","851","28"
"2020-05-20","A.S. OURENSE, VERÍN E O BARCO","140","1.712","130"
"2020-05-20","A.S. PONTEVEDRA E O SALNÉS","44","803","16"
"2020-05-20","A.S. SANTIAGO E BARBANZA","118","1.557","109"
"2020-05-20","A.S. VIGO","258","1.852","129"
"2020-05-20","GALICIA","849","9.639","609"
"2020-05-21","A.S. A CORUÑA E CEE","191","2.336","164"
"2020-05-21","A.S. FERROL","21","555","33"
"2020-05-21","A.S. LUGO, A MARIÑA E MONFORTE","51","862","28"
"2020-05-21","A.S. OURENSE, VERÍN E O BARCO","121","1.733","130"
"2020-05-21","A.S. PONTEVEDRA E O SALNÉS","33","819","16"
"2020-05-21","A.S. SANTIAGO E BARBANZA","118","1.565","110"
"2020-05-21","A.S. VIGO","247","1.866","130"
"2020-05-21","GALICIA","782","9.736","611"
"2020-05-22","A.S. A CORUÑA E CEE","184","2.364","165"
"2020-05-22","A.S. FERROL","22","556","33"
"2020-05-22","A.S. LUGO, A MARIÑA E MONFORTE","56","863","28"
"2020-05-22","A.S. OURENSE, VERÍN E O BARCO","113","1.745","130"
"2020-05-22","A.S. PONTEVEDRA E O SALNÉS","32","827","16"
"2020-05-22","A.S. SANTIAGO E BARBANZA","107","1.578","110"
"2020-05-22","A.S. VIGO","257","1.862","130"
"2020-05-22","GALICIA","771","9.795","612"
"2020-05-23","A.S. A CORUÑA E CEE","178","2.373","165"
"2020-05-23","A.S. FERROL","21","557","33"
"2020-05-23","A.S. LUGO, A MARIÑA E MONFORTE","54","865","28"
"2020-05-23","A.S. OURENSE, VERÍN E O BARCO","114","1.752","130"
"2020-05-23","A.S. PONTEVEDRA E O SALNÉS","31","829","16"
"2020-05-23","A.S. SANTIAGO E BARBANZA","105","1.585","111"
"2020-05-23","A.S. VIGO","249","1.870","130"
"2020-05-23","GALICIA","752","9.831","613"
"2020-05-24","A.S. A CORUÑA E CEE","172","2.380","165"
"2020-05-24","A.S. FERROL","20","558","33"
"2020-05-24","A.S. LUGO, A MARIÑA E MONFORTE","53","866","28"
"2020-05-24","A.S. OURENSE, VERÍN E O BARCO","112","1.753","131"
"2020-05-24","A.S. PONTEVEDRA E O SALNÉS","31","829","16"
"2020-05-24","A.S. SANTIAGO E BARBANZA","101","1.590","111"
"2020-05-24","A.S. VIGO","243","1.876","130"
"2020-05-24","GALICIA","732","9.852","614"
"2020-05-25","A.S. A CORUÑA E CEE","167","2.389","165"
"2020-05-25","A.S. FERROL","18","560","33"
"2020-05-25","A.S. LUGO, A MARIÑA E MONFORTE","50","870","28"
"2020-05-25","A.S. OURENSE, VERÍN E O BARCO","103","1.762","131"
"2020-05-25","A.S. PONTEVEDRA E O SALNÉS","32","829","16"
"2020-05-25","A.S. SANTIAGO E BARBANZA","103","1.588","111"
"2020-05-25","A.S. VIGO","236","1.883","130"
"2020-05-25","GALICIA","709","9.881","614"
"2020-05-26","A.S. A CORUÑA E CEE","160","2.402","165"
"2020-05-26","A.S. FERROL","16","562","33"
"2020-05-26","A.S. LUGO, A MARIÑA E MONFORTE","47","875","28"
"2020-05-26","A.S. OURENSE, VERÍN E O BARCO","92","1.774","131"
"2020-05-26","A.S. PONTEVEDRA E O SALNÉS","32","830","16"
"2020-05-26","A.S. SANTIAGO E BARBANZA","117","1.582","111"
"2020-05-26","A.S. VIGO","244","1.879","131"
"2020-05-26","GALICIA","708","9.904","615"
"2020-05-27","A.S. A CORUÑA E CEE","149","2.419","165"
"2020-05-27","A.S. FERROL","15","564","33"
"2020-05-27","A.S. LUGO, A MARIÑA E MONFORTE","48","875","28"
"2020-05-27","A.S. OURENSE, VERÍN E O BARCO","82","1.784","131"
"2020-05-27","A.S. PONTEVEDRA E O SALNÉS","28","849","16"
"2020-05-27","A.S. SANTIAGO E BARBANZA","119","1.590","111"
"2020-05-27","A.S. VIGO","252","1.873","131"
"2020-05-27","GALICIA","693","9.954","615"
"2020-05-28","A.S. A CORUÑA E CEE","143","2.429","165"
"2020-05-28","A.S. FERROL","11","570","33"
"2020-05-28","A.S. LUGO, A MARIÑA E MONFORTE","44","880","28"
"2020-05-28","A.S. OURENSE, VERÍN E O BARCO","77","1.792","131"
"2020-05-28","A.S. PONTEVEDRA E O SALNÉS","28","853","16"
"2020-05-28","A.S. SANTIAGO E BARBANZA","114","1.597","111"
"2020-05-28","A.S. VIGO","249","1.879","131"
"2020-05-28","GALICIA","666","10.000","615"
"2020-05-29","A.S. A CORUÑA E CEE","138","2.437","166"
"2020-05-29","A.S. FERROL","11","570","33"
"2020-05-29","A.S. LUGO, A MARIÑA E MONFORTE","37","887","28"
"2020-05-29","A.S. OURENSE, VERÍN E O BARCO","69","1.801","131"
"2020-05-29","A.S. PONTEVEDRA E O SALNÉS","28","856","16"
"2020-05-29","A.S. SANTIAGO E BARBANZA","111","1.602","111"
"2020-05-29","A.S. VIGO","251","1.882","131"
"2020-05-29","GALICIA","645","10.035","616"
"2020-05-30","A.S. A CORUÑA E CEE","133","2.444","166"
"2020-05-30","A.S. FERROL","12","570","33"
"2020-05-30","A.S. LUGO, A MARIÑA E MONFORTE","34","890","28"
"2020-05-30","A.S. OURENSE, VERÍN E O BARCO","63","1.807","131"
"2020-05-30","A.S. PONTEVEDRA E O SALNÉS","27","857","16"
"2020-05-30","A.S. SANTIAGO E BARBANZA","111","1.602","111"
"2020-05-30","A.S. VIGO","250","1.883","131"
"2020-05-30","GALICIA","630","10.053","616"
"2020-05-31","A.S. A CORUÑA E CEE","122","2.455","166"
"2020-05-31","A.S. FERROL","12","570","33"
"2020-05-31","A.S. LUGO, A MARIÑA E MONFORTE","33","891","28"
"2020-05-31","A.S. OURENSE, VERÍN E O BARCO","59","1.811","131"
"2020-05-31","A.S. PONTEVEDRA E O SALNÉS","27","857","16"
"2020-05-31","A.S. SANTIAGO E BARBANZA","110","1.604","111"
"2020-05-31","A.S. VIGO","247","1.886","131"
"2020-05-31","GALICIA","610","10.074","616"
"2020-06-01","A.S. A CORUÑA E CEE","118","2.459","166"
"2020-06-01","A.S. FERROL","11","571","33"
"2020-06-01","A.S. LUGO, A MARIÑA E MONFORTE","36","889","28"
"2020-06-01","A.S. OURENSE, VERÍN E O BARCO","53","1.817","132"
"2020-06-01","A.S. PONTEVEDRA E O SALNÉS","25","860","16"
"2020-06-01","A.S. SANTIAGO E BARBANZA","107","1.609","111"
"2020-06-01","A.S. VIGO","244","1.889","131"
"2020-06-01","GALICIA","594","10.094","617"
"2020-06-02","A.S. A CORUÑA E CEE","113","2.467","166"
"2020-06-02","A.S. FERROL","11","571","33"
"2020-06-02","A.S. LUGO, A MARIÑA E MONFORTE","35","890","29"
"2020-06-02","A.S. OURENSE, VERÍN E O BARCO","46","1.825","132"
"2020-06-02","A.S. PONTEVEDRA E O SALNÉS","15","872","16"
"2020-06-02","A.S. SANTIAGO E BARBANZA","94","1.628","111"
"2020-06-02","A.S. VIGO","184","1.954","131"
"2020-06-02","GALICIA","498","10.207","618"
"2020-06-03","A.S. A CORUÑA E CEE","108","2.477","166"
"2020-06-03","A.S. FERROL","10","572","33"
"2020-06-03","A.S. LUGO, A MARIÑA E MONFORTE","36","889","29"
"2020-06-03","A.S. OURENSE, VERÍN E O BARCO","41","1.830","132"
"2020-06-03","A.S. PONTEVEDRA E O SALNÉS","15","873","16"
"2020-06-03","A.S. SANTIAGO E BARBANZA","89","1.634","111"
"2020-06-03","A.S. VIGO","182","1.957","131"
"2020-06-03","GALICIA","481","10.232","618"
"2020-06-04","A.S. A CORUÑA E CEE","98","2.494","166"
"2020-06-04","A.S. FERROL","8","574","33"
"2020-06-04","A.S. LUGO, A MARIÑA E MONFORTE","32","897","29"
"2020-06-04","A.S. OURENSE, VERÍN E O BARCO","40","1.831","132"
"2020-06-04","A.S. PONTEVEDRA E O SALNÉS","16","876","16"
"2020-06-04","A.S. SANTIAGO E BARBANZA","93","1.637","111"
"2020-06-04","A.S. VIGO","186","1.955","131"
"2020-06-04","GALICIA","473","10.264","618"
"2020-06-05","A.S. A CORUÑA E CEE","98","2.500","166"
"2020-06-05","A.S. FERROL","6","576","33"
"2020-06-05","A.S. LUGO, A MARIÑA E MONFORTE","29","903","29"
"2020-06-05","A.S. OURENSE, VERÍN E O BARCO","32","1.843","132"
"2020-06-05","A.S. PONTEVEDRA E O SALNÉS","14","881","16"
"2020-06-05","A.S. SANTIAGO E BARBANZA","86","1.649","111"
"2020-06-05","A.S. VIGO","185","1.957","131"
"2020-06-05","GALICIA","450","10.309","618"
"2020-06-06","A.S. A CORUÑA E CEE","90","2.508","166"
"2020-06-06","A.S. FERROL","6","576","33"
"2020-06-06","A.S. LUGO, A MARIÑA E MONFORTE","27","905","29"
"2020-06-06","A.S. OURENSE, VERÍN E O BARCO","28","1.847","132"
"2020-06-06","A.S. PONTEVEDRA E O SALNÉS","14","881","16"
"2020-06-06","A.S. SANTIAGO E BARBANZA","86","1.650","111"
"2020-06-06","A.S. VIGO","183","1.960","131"
"2020-06-06","GALICIA","434","10.327","618"
"2020-06-07","A.S. A CORUÑA E CEE","86","2.513","166"
"2020-06-07","A.S. FERROL","5","577","33"
"2020-06-07","A.S. LUGO, A MARIÑA E MONFORTE","27","905","29"
"2020-06-07","A.S. OURENSE, VERÍN E O BARCO","27","1.848","132"
"2020-06-07","A.S. PONTEVEDRA E O SALNÉS","14","881","16"
"2020-06-07","A.S. SANTIAGO E BARBANZA","85","1.652","111"
"2020-06-07","A.S. VIGO","183","1.960","131"
"2020-06-07","GALICIA","427","10.336","618"
"2020-06-08","A.S. A CORUÑA E CEE","87","2.515","166"
"2020-06-08","A.S. FERROL","5","577","33"
"2020-06-08","A.S. LUGO, A MARIÑA E MONFORTE","31","905","29"
"2020-06-08","A.S. OURENSE, VERÍN E O BARCO","26","1.855","132"
"2020-06-08","A.S. PONTEVEDRA E O SALNÉS","13","882","16"
"2020-06-08","A.S. SANTIAGO E BARBANZA","86","1.656","111"
"2020-06-08","A.S. VIGO","188","1.965","131"
"2020-06-08","GALICIA","436","10.355","618"
"2020-06-09","A.S. A CORUÑA E CEE","72","2.536","166"
"2020-06-09","A.S. FERROL","5","577","33"
"2020-06-09","A.S. LUGO, A MARIÑA E MONFORTE","27","911","29"
"2020-06-09","A.S. OURENSE, VERÍN E O BARCO","21","1.860","132"
"2020-06-09","A.S. PONTEVEDRA E O SALNÉS","11","884","16"
"2020-06-09","A.S. SANTIAGO E BARBANZA","78","1.665","111"
"2020-06-09","A.S. VIGO","180","1.982","131"
"2020-06-09","GALICIA","394","10.415","618"
"2020-06-10","A.S. A CORUÑA E CEE","95","2.517","166"
"2020-06-10","A.S. FERROL","5","577","33"
"2020-06-10","A.S. LUGO, A MARIÑA E MONFORTE","25","913","29"
"2020-06-10","A.S. OURENSE, VERÍN E O BARCO","21","1.860","132"
"2020-06-10","A.S. PONTEVEDRA E O SALNÉS","11","884","16"
"2020-06-10","A.S. SANTIAGO E BARBANZA","73","1.671","111"
"2020-06-10","A.S. VIGO","173","1.990","132"
"2020-06-10","GALICIA","403","10.412","619"
"2020-06-11","A.S. A CORUÑA E CEE","83","2.530","166"
"2020-06-11","A.S. FERROL","4","578","33"
"2020-06-11","A.S. LUGO, A MARIÑA E MONFORTE","19","920","29"
"2020-06-11","A.S. OURENSE, VERÍN E O BARCO","18","1.863","132"
"2020-06-11","A.S. PONTEVEDRA E O SALNÉS","7","888","16"
"2020-06-11","A.S. SANTIAGO E BARBANZA","15","1.729","111"
"2020-06-11","A.S. VIGO","138","2.028","132"
"2020-06-11","GALICIA","284","10.536","619"
"2020-06-12","A.S. A CORUÑA E CEE","89","2.527","166"
"2020-06-12","A.S. FERROL","4","579","33"
"2020-06-12","A.S. LUGO, A MARIÑA E MONFORTE","16","923","29"
"2020-06-12","A.S. OURENSE, VERÍN E O BARCO","16","1.865","132"
"2020-06-12","A.S. PONTEVEDRA E O SALNÉS","7","888","16"
"2020-06-12","A.S. SANTIAGO E BARBANZA","16","1.729","111"
"2020-06-12","A.S. VIGO","138","2.031","132"
"2020-06-12","GALICIA","286","10.542","619"
"2020-06-13","A.S. A CORUÑA E CEE","88","2.528","166"
"2020-06-13","A.S. FERROL","4","579","33"
"2020-06-13","A.S. LUGO, A MARIÑA E MONFORTE","15","925","29"
"2020-06-13","A.S. OURENSE, VERÍN E O BARCO","15","1.866","132"
"2020-06-13","A.S. PONTEVEDRA E O SALNÉS","7","888","16"
"2020-06-13","A.S. SANTIAGO E BARBANZA","16","1.729","111"
"2020-06-13","A.S. VIGO","127","2.042","132"
"2020-06-13","GALICIA","272","10.557","619"
"2020-06-14","A.S. A CORUÑA E CEE","87","2.529","166"
"2020-06-14","A.S. FERROL","4","579","33"
"2020-06-14","A.S. LUGO, A MARIÑA E MONFORTE","15","925","29"
"2020-06-14","A.S. OURENSE, VERÍN E O BARCO","15","1.866","132"
"2020-06-14","A.S. PONTEVEDRA E O SALNÉS","7","888","16"
"2020-06-14","A.S. SANTIAGO E BARBANZA","16","1.729","111"
"2020-06-14","A.S. VIGO","128","2.042","132"
"2020-06-14","GALICIA","272","10.558","619"
"2020-06-15","A.S. A CORUÑA E CEE","97","2.520","166"
"2020-06-15","A.S. FERROL","4","579","33"
"2020-06-15","A.S. LUGO, A MARIÑA E MONFORTE","14","926","29"
"2020-06-15","A.S. OURENSE, VERÍN E O BARCO","15","1.866","132"
"2020-06-15","A.S. PONTEVEDRA E O SALNÉS","6","889","16"
"2020-06-15","A.S. SANTIAGO E BARBANZA","15","1.730","111"
"2020-06-15","A.S. VIGO","127","2.044","132"
"2020-06-15","GALICIA","278","10.554","619"
"2020-06-16","A.S. A CORUÑA E CEE","94","2.526","166"
"2020-06-16","A.S. FERROL","4","579","33"
"2020-06-16","A.S. LUGO, A MARIÑA E MONFORTE","13","927","29"
"2020-06-16","A.S. OURENSE, VERÍN E O BARCO","14","1.867","132"
"2020-06-16","A.S. PONTEVEDRA E O SALNÉS","6","889","16"
"2020-06-16","A.S. SANTIAGO E BARBANZA","15","1.730","111"
"2020-06-16","A.S. VIGO","127","2.045","132"
"2020-06-16","GALICIA","273","10.563","619"
"2020-06-17","A.S. A CORUÑA E CEE","92","2.530","166"
"2020-06-17","A.S. FERROL","4","579","33"
"2020-06-17","A.S. LUGO, A MARIÑA E MONFORTE","14","927","29"
"2020-06-17","A.S. OURENSE, VERÍN E O BARCO","12","1.869","132"
"2020-06-17","A.S. PONTEVEDRA E O SALNÉS","7","889","16"
"2020-06-17","A.S. SANTIAGO E BARBANZA","16","1.730","111"
"2020-06-17","A.S. VIGO","126","2.050","132"
"2020-06-17","GALICIA","271","10.574","619"
"2020-06-18","A.S. A CORUÑA E CEE","93","2.532","166"
"2020-06-18","A.S. FERROL","4","579","33"
"2020-06-18","A.S. LUGO, A MARIÑA E MONFORTE","13","929","29"
"2020-06-18","A.S. OURENSE, VERÍN E O BARCO","13","1.869","132"
"2020-06-18","A.S. PONTEVEDRA E O SALNÉS","7","890","16"
"2020-06-18","A.S. SANTIAGO E BARBANZA","14","1.732","111"
"2020-06-18","A.S. VIGO","125","2.056","132"
"2020-06-18","GALICIA","269","10.587","619"
"2020-06-19","A.S. A CORUÑA E CEE","94","2.535","166"
"2020-06-19","A.S. FERROL","4","580","33"
"2020-06-19","A.S. LUGO, A MARIÑA E MONFORTE","13","929","29"
"2020-06-19","A.S. OURENSE, VERÍN E O BARCO","13","1.869","132"
"2020-06-19","A.S. PONTEVEDRA E O SALNÉS","7","890","16"
"2020-06-19","A.S. SANTIAGO E BARBANZA","12","1.735","111"
"2020-06-19","A.S. VIGO","127","2.057","132"
"2020-06-19","GALICIA","270","10.595","619"
"2020-06-20","A.S. A CORUÑA E CEE","93","2.537","166"
"2020-06-20","A.S. FERROL","4","580","33"
"2020-06-20","A.S. LUGO, A MARIÑA E MONFORTE","15","927","29"
"2020-06-20","A.S. OURENSE, VERÍN E O BARCO","12","1.870","132"
"2020-06-20","A.S. PONTEVEDRA E O SALNÉS","7","890","16"
"2020-06-20","A.S. SANTIAGO E BARBANZA","14","1.735","111"
"2020-06-20","A.S. VIGO","127","2.057","132"
"2020-06-20","GALICIA","272","10.596","619"
"2020-06-21","A.S. A CORUÑA E CEE","89","2.541","166"
"2020-06-21","A.S. FERROL","3","581","33"
"2020-06-21","A.S. LUGO, A MARIÑA E MONFORTE","15","927","29"
"2020-06-21","A.S. OURENSE, VERÍN E O BARCO","12","1.870","132"
"2020-06-21","A.S. PONTEVEDRA E O SALNÉS","7","890","16"
"2020-06-21","A.S. SANTIAGO E BARBANZA","18","1.736","111"
"2020-06-21","A.S. VIGO","126","2.058","132"
"2020-06-21","GALICIA","270","10.603","619"
"2020-06-22","A.S. A CORUÑA E CEE","90","2.543","166"
"2020-06-22","A.S. FERROL","3","581","33"
"2020-06-22","A.S. LUGO, A MARIÑA E MONFORTE","14","928","29"
"2020-06-22","A.S. OURENSE, VERÍN E O BARCO","11","1.871","132"
"2020-06-22","A.S. PONTEVEDRA E O SALNÉS","7","890","16"
"2020-06-22","A.S. SANTIAGO E BARBANZA","18","1.736","111"
"2020-06-22","A.S. VIGO","124","2.060","132"
"2020-06-22","GALICIA","267","10.609","619"
"2020-06-23","A.S. A CORUÑA E CEE","90","2.549","166"
"2020-06-23","A.S. FERROL","4","580","33"
"2020-06-23","A.S. LUGO, A MARIÑA E MONFORTE","17","927","29"
"2020-06-23","A.S. OURENSE, VERÍN E O BARCO","12","1.871","132"
"2020-06-23","A.S. PONTEVEDRA E O SALNÉS","7","890","16"
"2020-06-23","A.S. SANTIAGO E BARBANZA","16","1.738","111"
"2020-06-23","A.S. VIGO","123","2.061","132"
"2020-06-23","GALICIA","269","10.616","619"
"2020-06-24","A.S. A CORUÑA E CEE","85","2.554","166"
"2020-06-24","A.S. FERROL","4","580","33"
"2020-06-24","A.S. LUGO, A MARIÑA E MONFORTE","25","927","29"
"2020-06-24","A.S. OURENSE, VERÍN E O BARCO","11","1.872","132"
"2020-06-24","A.S. PONTEVEDRA E O SALNÉS","7","890","16"
"2020-06-24","A.S. SANTIAGO E BARBANZA","15","1.739","111"
"2020-06-24","A.S. VIGO","121","2.063","132"
"2020-06-24","GALICIA","268","10.625","619"
"2020-06-25","A.S. A CORUÑA E CEE","59","2.587","166"
"2020-06-25","A.S. FERROL","4","580","33"
"2020-06-25","A.S. LUGO, A MARIÑA E MONFORTE","32","928","29"
"2020-06-25","A.S. OURENSE, VERÍN E O BARCO","10","1.873","132"
"2020-06-25","A.S. PONTEVEDRA E O SALNÉS","8","890","16"
"2020-06-25","A.S. SANTIAGO E BARBANZA","12","1.742","111"
"2020-06-25","A.S. VIGO","117","2.067","132"
"2020-06-25","GALICIA","242","10.667","619"
"2020-06-26","A.S. A CORUÑA E CEE","44","2.602","166"
"2020-06-26","A.S. FERROL","3","581","33"
"2020-06-26","A.S. LUGO, A MARIÑA E MONFORTE","30","930","29"
"2020-06-26","A.S. OURENSE, VERÍN E O BARCO","10","1.874","132"
"2020-06-26","A.S. PONTEVEDRA E O SALNÉS","8","890","16"
"2020-06-26","A.S. SANTIAGO E BARBANZA","13","1.742","111"
"2020-06-26","A.S. VIGO","117","2.068","132"
"2020-06-26","GALICIA","225","10.687","619"
"2020-06-27","A.S. A CORUÑA E CEE","40","2.606","166"
"2020-06-27","A.S. FERROL","3","581","33"
"2020-06-27","A.S. LUGO, A MARIÑA E MONFORTE","37","930","29"
"2020-06-27","A.S. OURENSE, VERÍN E O BARCO","10","1.874","132"
"2020-06-27","A.S. PONTEVEDRA E O SALNÉS","8","890","16"
"2020-06-27","A.S. SANTIAGO E BARBANZA","12","1.743","111"
"2020-06-27","A.S. VIGO","115","2.071","132"
"2020-06-27","GALICIA","225","10.695","619"
"2020-06-28","A.S. A CORUÑA E CEE","40","2.606","166"
"2020-06-28","A.S. FERROL","3","581","33"
"2020-06-28","A.S. LUGO, A MARIÑA E MONFORTE","41","930","29"
"2020-06-28","A.S. OURENSE, VERÍN E O BARCO","10","1.875","132"
"2020-06-28","A.S. PONTEVEDRA E O SALNÉS","8","890","16"
"2020-06-28","A.S. SANTIAGO E BARBANZA","12","1.744","111"
"2020-06-28","A.S. VIGO","115","2.071","132"
"2020-06-28","GALICIA","229","10.697","619"
"2020-06-29","A.S. A CORUÑA E CEE","40","2.608","166"
"2020-06-29","A.S. FERROL","3","581","33"
"2020-06-29","A.S. LUGO, A MARIÑA E MONFORTE","46","932","29"
"2020-06-29","A.S. OURENSE, VERÍN E O BARCO","10","1.875","132"
"2020-06-29","A.S. PONTEVEDRA E O SALNÉS","9","890","16"
"2020-06-29","A.S. SANTIAGO E BARBANZA","11","1.746","111"
"2020-06-29","A.S. VIGO","114","2.072","132"
"2020-06-29","GALICIA","233","10.704","619"
"2020-06-30","A.S. A CORUÑA E CEE","42","2.609","166"
"2020-06-30","A.S. FERROL","1","583","33"
"2020-06-30","A.S. LUGO, A MARIÑA E MONFORTE","51","933","29"
"2020-06-30","A.S. OURENSE, VERÍN E O BARCO","8","1.877","132"
"2020-06-30","A.S. PONTEVEDRA E O SALNÉS","6","893","16"
"2020-06-30","A.S. SANTIAGO E BARBANZA","9","1.748","111"
"2020-06-30","A.S. VIGO","113","2.073","132"
"2020-06-30","GALICIA","230","10.716","619"
"2020-07-01","A.S. A CORUÑA E CEE","45","2.610","166"
"2020-07-01","A.S. FERROL","2","583","33"
"2020-07-01","A.S. LUGO, A MARIÑA E MONFORTE","65","933","29"
"2020-07-01","A.S. OURENSE, VERÍN E O BARCO","6","1.879","132"
"2020-07-01","A.S. PONTEVEDRA E O SALNÉS","4","895","16"
"2020-07-01","A.S. SANTIAGO E BARBANZA","12","1.748","111"
"2020-07-01","A.S. VIGO","107","2.079","132"
"2020-07-01","GALICIA","241","10.727","619"
"2020-07-02","A.S. A CORUÑA E CEE","31","2.627","166"
"2020-07-02","A.S. FERROL","2","583","33"
"2020-07-02","A.S. LUGO, A MARIÑA E MONFORTE","73","935","29"
"2020-07-02","A.S. OURENSE, VERÍN E O BARCO","6","1.879","132"
"2020-07-02","A.S. PONTEVEDRA E O SALNÉS","4","895","16"
"2020-07-02","A.S. SANTIAGO E BARBANZA","12","1.748","111"
"2020-07-02","A.S. VIGO","104","2.083","132"
"2020-07-02","GALICIA","232","10.750","619"
"2020-07-03","A.S. A CORUÑA E CEE","29","2.632","166"
"2020-07-03","A.S. FERROL","2","583","33"
"2020-07-03","A.S. LUGO, A MARIÑA E MONFORTE","102","935","29"
"2020-07-03","A.S. OURENSE, VERÍN E O BARCO","2","1.883","132"
"2020-07-03","A.S. PONTEVEDRA E O SALNÉS","4","895","16"
"2020-07-03","A.S. SANTIAGO E BARBANZA","12","1.748","111"
"2020-07-03","A.S. VIGO","59","2.128","132"
"2020-07-03","GALICIA","210","10.804","619"
"2020-07-04","A.S. A CORUÑA E CEE","24","2.637","166"
"2020-07-04","A.S. FERROL","2","583","33"
"2020-07-04","A.S. LUGO, A MARIÑA E MONFORTE","127","934","29"
"2020-07-04","A.S. OURENSE, VERÍN E O BARCO","2","1.883","132"
"2020-07-04","A.S. PONTEVEDRA E O SALNÉS","4","895","16"
"2020-07-04","A.S. SANTIAGO E BARBANZA","13","1.749","111"
"2020-07-04","A.S. VIGO","55","2.132","132"
"2020-07-04","GALICIA","227","10.813","619"
"2020-07-05","A.S. A CORUÑA E CEE","23","2.638","166"
"2020-07-05","A.S. FERROL","2","583","33"
"2020-07-05","A.S. LUGO, A MARIÑA E MONFORTE","148","936","29"
"2020-07-05","A.S. OURENSE, VERÍN E O BARCO","2","1.883","132"
"2020-07-05","A.S. PONTEVEDRA E O SALNÉS","4","895","16"
"2020-07-05","A.S. SANTIAGO E BARBANZA","13","1.749","111"
"2020-07-05","A.S. VIGO","56","2.132","132"
"2020-07-05","GALICIA","248","10.816","619"
"2020-07-06","A.S. A CORUÑA E CEE","23","2.638","166"
"2020-07-06","A.S. FERROL","2","583","33"
"2020-07-06","A.S. LUGO, A MARIÑA E MONFORTE","152","936","29"
"2020-07-06","A.S. OURENSE, VERÍN E O BARCO","2","1.883","132"
"2020-07-06","A.S. PONTEVEDRA E O SALNÉS","3","897","16"
"2020-07-06","A.S. SANTIAGO E BARBANZA","12","1.750","111"
"2020-07-06","A.S. VIGO","24","2.166","132"
"2020-07-06","GALICIA","218","10.853","619"
"2020-07-07","A.S. A CORUÑA E CEE","24","2.638","166"
"2020-07-07","A.S. FERROL","2","583","33"
"2020-07-07","A.S. LUGO, A MARIÑA E MONFORTE","189","934","29"
"2020-07-07","A.S. OURENSE, VERÍN E O BARCO","2","1.883","132"
"2020-07-07","A.S. PONTEVEDRA E O SALNÉS","3","897","16"
"2020-07-07","A.S. SANTIAGO E BARBANZA","12","1.750","111"
"2020-07-07","A.S. VIGO","24","2.166","132"
"2020-07-07","GALICIA","256","10.851","619"
"2020-07-08","A.S. A CORUÑA E CEE","21","2.643","166"
"2020-07-08","A.S. FERROL","2","583","33"
"2020-07-08","A.S. LUGO, A MARIÑA E MONFORTE","191","956","29"
"2020-07-08","A.S. OURENSE, VERÍN E O BARCO","2","1.884","132"
"2020-07-08","A.S. PONTEVEDRA E O SALNÉS","4","898","16"
"2020-07-08","A.S. SANTIAGO E BARBANZA","13","1.750","111"
"2020-07-08","A.S. VIGO","24","2.167","132"
"2020-07-08","GALICIA","257","10.881","619"
"2020-07-09","A.S. A CORUÑA E CEE","22","2.645","166"
"2020-07-09","A.S. FERROL","1","584","33"
"2020-07-09","A.S. LUGO, A MARIÑA E MONFORTE","213","964","29"
"2020-07-09","A.S. OURENSE, VERÍN E O BARCO","5","1.883","132"
"2020-07-09","A.S. PONTEVEDRA E O SALNÉS","4","898","16"
"2020-07-09","A.S. SANTIAGO E BARBANZA","13","1.750","111"
"2020-07-09","A.S. VIGO","10","2.183","132"
"2020-07-09","GALICIA","268","10.907","619"
"2020-07-10","A.S. A CORUÑA E CEE","18","2.651","166"
"2020-07-10","A.S. FERROL","2","584","33"
"2020-07-10","A.S. LUGO, A MARIÑA E MONFORTE","204","978","29"
"2020-07-10","A.S. OURENSE, VERÍN E O BARCO","6","1.883","132"
"2020-07-10","A.S. PONTEVEDRA E O SALNÉS","4","898","16"
"2020-07-10","A.S. SANTIAGO E BARBANZA","13","1.750","111"
"2020-07-10","A.S. VIGO","10","2.184","132"
"2020-07-10","GALICIA","257","10.928","619"
"2020-07-11","A.S. A CORUÑA E CEE","20","2.653","166"
"2020-07-11","A.S. FERROL","1","585","33"
"2020-07-11","A.S. LUGO, A MARIÑA E MONFORTE","200","986","29"
"2020-07-11","A.S. OURENSE, VERÍN E O BARCO","5","1.884","132"
"2020-07-11","A.S. PONTEVEDRA E O SALNÉS","5","898","16"
"2020-07-11","A.S. SANTIAGO E BARBANZA","13","1.751","111"
"2020-07-11","A.S. VIGO","11","2.184","132"
"2020-07-11","GALICIA","255","10.941","619"
"2020-07-12","A.S. A CORUÑA E CEE","21","2.653","166"
"2020-07-12","A.S. FERROL","1","585","33"
"2020-07-12","A.S. LUGO, A MARIÑA E MONFORTE","192","995","29"
"2020-07-12","A.S. OURENSE, VERÍN E O BARCO","5","1.884","132"
"2020-07-12","A.S. PONTEVEDRA E O SALNÉS","7","898","16"
"2020-07-12","A.S. SANTIAGO E BARBANZA","15","1.751","111"
"2020-07-12","A.S. VIGO","11","2.184","132"
"2020-07-12","GALICIA","252","10.950","619"
"2020-07-13","A.S. A CORUÑA E CEE","23","2.653","166"
"2020-07-13","A.S. FERROL","1","585","33"
"2020-07-13","A.S. LUGO, A MARIÑA E MONFORTE","183","1.006","29"
"2020-07-13","A.S. OURENSE, VERÍN E O BARCO","5","1.885","132"
"2020-07-13","A.S. PONTEVEDRA E O SALNÉS","7","898","16"
"2020-07-13","A.S. SANTIAGO E BARBANZA","15","1.751","111"
"2020-07-13","A.S. VIGO","12","2.184","132"
"2020-07-13","GALICIA","246","10.962","619"
"2020-07-14","A.S. A CORUÑA E CEE","25","2.654","166"
"2020-07-14","A.S. FERROL","1","585","33"
"2020-07-14","A.S. LUGO, A MARIÑA E MONFORTE","172","1.019","29"
"2020-07-14","A.S. OURENSE, VERÍN E O BARCO","5","1.886","132"
"2020-07-14","A.S. PONTEVEDRA E O SALNÉS","7","898","16"
"2020-07-14","A.S. SANTIAGO E BARBANZA","15","1.751","111"
"2020-07-14","A.S. VIGO","15","2.184","132"
"2020-07-14","GALICIA","240","10.977","619"
"2020-07-15","A.S. A CORUÑA E CEE","26","2.665","166"
"2020-07-15","A.S. FERROL","1","585","33"
"2020-07-15","A.S. LUGO, A MARIÑA E MONFORTE","162","1.035","29"
"2020-07-15","A.S. OURENSE, VERÍN E O BARCO","5","1.890","132"
"2020-07-15","A.S. PONTEVEDRA E O SALNÉS","9","897","16"
"2020-07-15","A.S. SANTIAGO E BARBANZA","12","1.755","111"
"2020-07-15","A.S. VIGO","16","2.184","132"
"2020-07-15","GALICIA","231","11.011","619"
"2020-07-16","A.S. A CORUÑA E CEE","31","2.671","166"
"2020-07-16","A.S. FERROL","1","585","33"
"2020-07-16","A.S. LUGO, A MARIÑA E MONFORTE","162","1.041","29"
"2020-07-16","A.S. OURENSE, VERÍN E O BARCO","5","1.890","132"
"2020-07-16","A.S. PONTEVEDRA E O SALNÉS","8","898","16"
"2020-07-16","A.S. SANTIAGO E BARBANZA","7","1.763","111"
"2020-07-16","A.S. VIGO","17","2.184","132"
"2020-07-16","GALICIA","231","11.032","619"
"2020-07-17","A.S. A CORUÑA E CEE","30","2.675","166"
"2020-07-17","A.S. FERROL","1","585","33"
"2020-07-17","A.S. LUGO, A MARIÑA E MONFORTE","149","1.058","29"
"2020-07-17","A.S. OURENSE, VERÍN E O BARCO","6","1.890","132"
"2020-07-17","A.S. PONTEVEDRA E O SALNÉS","9","898","16"
"2020-07-17","A.S. SANTIAGO E BARBANZA","7","1.763","111"
"2020-07-17","A.S. VIGO","17","2.185","132"
"2020-07-17","GALICIA","219","11.054","619"
"2020-07-18","A.S. A CORUÑA E CEE","29","2.678","166"
"2020-07-18","A.S. FERROL","0","586","33"
"2020-07-18","A.S. LUGO, A MARIÑA E MONFORTE","140","1.068","29"
"2020-07-18","A.S. OURENSE, VERÍN E O BARCO","6","1.890","132"
"2020-07-18","A.S. PONTEVEDRA E O SALNÉS","9","899","16"
"2020-07-18","A.S. SANTIAGO E BARBANZA","7","1.763","111"
"2020-07-18","A.S. VIGO","17","2.185","132"
"2020-07-18","GALICIA","208","11.069","619"
"2020-07-19","A.S. A CORUÑA E CEE","27","2.681","166"
"2020-07-19","A.S. FERROL","0","586","33"
"2020-07-19","A.S. LUGO, A MARIÑA E MONFORTE","138","1.073","29"
"2020-07-19","A.S. OURENSE, VERÍN E O BARCO","6","1.893","132"
"2020-07-19","A.S. PONTEVEDRA E O SALNÉS","9","899","16"
"2020-07-19","A.S. SANTIAGO E BARBANZA","8","1.763","111"
"2020-07-19","A.S. VIGO","18","2.185","132"
"2020-07-19","GALICIA","206","11.080","619"
"2020-07-20","A.S. A CORUÑA E CEE","30","2.678","166"
"2020-07-20","A.S. FERROL","0","586","33"
"2020-07-20","A.S. LUGO, A MARIÑA E MONFORTE","109","1.107","29"
"2020-07-20","A.S. OURENSE, VERÍN E O BARCO","6","1.894","132"
"2020-07-20","A.S. PONTEVEDRA E O SALNÉS","10","899","16"
"2020-07-20","A.S. SANTIAGO E BARBANZA","11","1.763","111"
"2020-07-20","A.S. VIGO","19","2.185","132"
"2020-07-20","GALICIA","185","11.112","619"
"2020-07-21","A.S. A CORUÑA E CEE","39","2.679","166"
"2020-07-21","A.S. FERROL","0","586","33"
"2020-07-21","A.S. LUGO, A MARIÑA E MONFORTE","102","1.118","29"
"2020-07-21","A.S. OURENSE, VERÍN E O BARCO","5","1.895","132"
"2020-07-21","A.S. PONTEVEDRA E O SALNÉS","10","900","16"
"2020-07-21","A.S. SANTIAGO E BARBANZA","10","1.769","111"
"2020-07-21","A.S. VIGO","27","2.186","132"
"2020-07-21","GALICIA","193","11.133","619"
"2020-07-22","A.S. A CORUÑA E CEE","39","2.691","166"
"2020-07-22","A.S. FERROL","0","586","33"
"2020-07-22","A.S. LUGO, A MARIÑA E MONFORTE","76","1.151","29"
"2020-07-22","A.S. OURENSE, VERÍN E O BARCO","5","1.896","132"
"2020-07-22","A.S. PONTEVEDRA E O SALNÉS","9","903","16"
"2020-07-22","A.S. SANTIAGO E BARBANZA","10","1.772","111"
"2020-07-22","A.S. VIGO","29","2.187","132"
"2020-07-22","GALICIA","168","11.186","619"
"2020-07-23","A.S. A CORUÑA E CEE","49","2.693","166"
"2020-07-23","A.S. FERROL","0","586","33"
"2020-07-23","A.S. LUGO, A MARIÑA E MONFORTE","84","1.154","29"
"2020-07-23","A.S. OURENSE, VERÍN E O BARCO","5","1.896","132"
"2020-07-23","A.S. PONTEVEDRA E O SALNÉS","12","904","16"
"2020-07-23","A.S. SANTIAGO E BARBANZA","11","1.774","111"
"2020-07-23","A.S. VIGO","32","2.188","132"
"2020-07-23","GALICIA","193","11.195","619"
"2020-07-24","A.S. A CORUÑA E CEE","56","2.697","166"
"2020-07-24","A.S. FERROL","0","586","33"
"2020-07-24","A.S. LUGO, A MARIÑA E MONFORTE","89","1.159","29"
"2020-07-24","A.S. OURENSE, VERÍN E O BARCO","7","1.896","132"
"2020-07-24","A.S. PONTEVEDRA E O SALNÉS","19","906","16"
"2020-07-24","A.S. SANTIAGO E BARBANZA","12","1.776","111"
"2020-07-24","A.S. VIGO","35","2.188","132"
"2020-07-24","GALICIA","218","11.208","619"
"2020-07-25","A.S. A CORUÑA E CEE","60","2.696","166"
"2020-07-25","A.S. FERROL","0","586","33"
"2020-07-25","A.S. LUGO, A MARIÑA E MONFORTE","89","1.166","29"
"2020-07-25","A.S. OURENSE, VERÍN E O BARCO","7","1.896","132"
"2020-07-25","A.S. PONTEVEDRA E O SALNÉS","18","910","16"
"2020-07-25","A.S. SANTIAGO E BARBANZA","15","1.777","111"
"2020-07-25","A.S. VIGO","44","2.188","132"
"2020-07-25","GALICIA","233","11.219","619"
"2020-07-26","A.S. A CORUÑA E CEE","64","2.698","166"
"2020-07-26","A.S. FERROL","0","587","33"
"2020-07-26","A.S. LUGO, A MARIÑA E MONFORTE","90","1.166","29"
"2020-07-26","A.S. OURENSE, VERÍN E O BARCO","7","1.896","132"
"2020-07-26","A.S. PONTEVEDRA E O SALNÉS","19","911","16"
"2020-07-26","A.S. SANTIAGO E BARBANZA","18","1.778","111"
"2020-07-26","A.S. VIGO","46","2.188","132"
"2020-07-26","GALICIA","244","11.224","619"
"2020-07-27","A.S. A CORUÑA E CEE","65","2.700","166"
"2020-07-27","A.S. FERROL","1","587","33"
"2020-07-27","A.S. LUGO, A MARIÑA E MONFORTE","84","1.173","29"
"2020-07-27","A.S. OURENSE, VERÍN E O BARCO","7","1.896","132"
"2020-07-27","A.S. PONTEVEDRA E O SALNÉS","20","910","16"
"2020-07-27","A.S. SANTIAGO E BARBANZA","19","1.781","111"
"2020-07-27","A.S. VIGO","47","2.189","132"
"2020-07-27","GALICIA","243","11.236","619"
"2020-07-28","A.S. A CORUÑA E CEE","72","2.703","166"
"2020-07-28","A.S. FERROL","1","587","33"
"2020-07-28","A.S. LUGO, A MARIÑA E MONFORTE","79","1.178","29"
"2020-07-28","A.S. OURENSE, VERÍN E O BARCO","7","1.897","132"
"2020-07-28","A.S. PONTEVEDRA E O SALNÉS","22","910","16"
"2020-07-28","A.S. SANTIAGO E BARBANZA","21","1.785","111"
"2020-07-28","A.S. VIGO","50","2.190","132"
"2020-07-28","GALICIA","252","11.250","619"
"2020-07-29","A.S. A CORUÑA E CEE","83","2.708","166"
"2020-07-29","A.S. FERROL","2","587","33"
"2020-07-29","A.S. LUGO, A MARIÑA E MONFORTE","81","1.177","29"
"2020-07-29","A.S. OURENSE, VERÍN E O BARCO","9","1.897","132"
"2020-07-29","A.S. PONTEVEDRA E O SALNÉS","25","909","16"
"2020-07-29","A.S. SANTIAGO E BARBANZA","24","1.787","111"
"2020-07-29","A.S. VIGO","49","2.191","132"
"2020-07-29","GALICIA","273","11.256","619"
"2020-07-30","A.S. A CORUÑA E CEE","95","2.712","166"
"2020-07-30","A.S. FERROL","2","587","33"
"2020-07-30","A.S. LUGO, A MARIÑA E MONFORTE","79","1.182","29"
"2020-07-30","A.S. OURENSE, VERÍN E O BARCO","14","1.899","132"
"2020-07-30","A.S. PONTEVEDRA E O SALNÉS","25","913","16"
"2020-07-30","A.S. SANTIAGO E BARBANZA","24","1.788","111"
"2020-07-30","A.S. VIGO","51","2.193","132"
"2020-07-30","GALICIA","290","11.274","619"
"2020-07-31","A.S. A CORUÑA E CEE","116","2.720","166"
"2020-07-31","A.S. FERROL","2","587","33"
"2020-07-31","A.S. LUGO, A MARIÑA E MONFORTE","74","1.187","29"
"2020-07-31","A.S. OURENSE, VERÍN E O BARCO","16","1.899","132"
"2020-07-31","A.S. PONTEVEDRA E O SALNÉS","27","916","16"
"2020-07-31","A.S. SANTIAGO E BARBANZA","24","1.790","111"
"2020-07-31","A.S. VIGO","61","2.192","132"
"2020-07-31","GALICIA","320","11.291","619"
"2020-08-01","A.S. A CORUÑA E CEE","129","2.721","166"
"2020-08-01","A.S. FERROL","3","587","33"
"2020-08-01","A.S. LUGO, A MARIÑA E MONFORTE","72","1.194","29"
"2020-08-01","A.S. OURENSE, VERÍN E O BARCO","21","1.899","132"
"2020-08-01","A.S. PONTEVEDRA E O SALNÉS","25","918","16"
"2020-08-01","A.S. SANTIAGO E BARBANZA","24","1.791","111"
"2020-08-01","A.S. VIGO","63","2.192","132"
"2020-08-01","GALICIA","337","11.302","619"
"2020-08-02","A.S. A CORUÑA E CEE","143","2.722","166"
"2020-08-02","A.S. FERROL","3","587","33"
"2020-08-02","A.S. LUGO, A MARIÑA E MONFORTE","71","1.195","29"
"2020-08-02","A.S. OURENSE, VERÍN E O BARCO","27","1.899","132"
"2020-08-02","A.S. PONTEVEDRA E O SALNÉS","29","918","16"
"2020-08-02","A.S. SANTIAGO E BARBANZA","24","1.792","111"
"2020-08-02","A.S. VIGO","68","2.191","132"
"2020-08-02","GALICIA","365","11.304","619"
"2020-08-03","A.S. A CORUÑA E CEE","154","2.723","166"
"2020-08-03","A.S. FERROL","4","587","33"
"2020-08-03","A.S. LUGO, A MARIÑA E MONFORTE","72","1.198","29"
"2020-08-03","A.S. OURENSE, VERÍN E O BARCO","28","1.900","132"
"2020-08-03","A.S. PONTEVEDRA E O SALNÉS","31","918","16"
"2020-08-03","A.S. SANTIAGO E BARBANZA","26","1.797","111"
"2020-08-03","A.S. VIGO","72","2.193","132"
"2020-08-03","GALICIA","387","11.316","619"
"2020-08-04","A.S. A CORUÑA E CEE","171","2.726","166"
"2020-08-04","A.S. FERROL","5","587","33"
"2020-08-04","A.S. LUGO, A MARIÑA E MONFORTE","72","1.203","29"
"2020-08-04","A.S. OURENSE, VERÍN E O BARCO","29","1.901","132"
"2020-08-04","A.S. PONTEVEDRA E O SALNÉS","35","919","16"
"2020-08-04","A.S. SANTIAGO E BARBANZA","28","1.800","111"
"2020-08-04","A.S. VIGO","76","2.195","132"
"2020-08-04","GALICIA","416","11.331","619"
"2020-08-05","A.S. A CORUÑA E CEE","165","2.748","166"
"2020-08-05","A.S. FERROL","5","587","33"
"2020-08-05","A.S. LUGO, A MARIÑA E MONFORTE","76","1.205","29"
"2020-08-05","A.S. OURENSE, VERÍN E O BARCO","33","1.901","132"
"2020-08-05","A.S. PONTEVEDRA E O SALNÉS","42","923","16"
"2020-08-05","A.S. SANTIAGO E BARBANZA","33","1.802","111"
"2020-08-05","A.S. VIGO","80","2.200","132"
"2020-08-05","GALICIA","434","11.366","619"
"2020-08-06","A.S. A CORUÑA E CEE","223","2.749","166"
"2020-08-06","A.S. FERROL","6","588","33"
"2020-08-06","A.S. LUGO, A MARIÑA E MONFORTE","75","1.211","29"
"2020-08-06","A.S. OURENSE, VERÍN E O BARCO","36","1.901","132"
"2020-08-06","A.S. PONTEVEDRA E O SALNÉS","43","923","16"
"2020-08-06","A.S. SANTIAGO E BARBANZA","35","1.803","111"
"2020-08-06","A.S. VIGO","83","2.205","132"
"2020-08-06","GALICIA","501","11.380","619"
"2020-08-07","A.S. A CORUÑA E CEE","285","2.752","166"
"2020-08-07","A.S. FERROL","6","588","33"
"2020-08-07","A.S. LUGO, A MARIÑA E MONFORTE","81","1.221","29"
"2020-08-07","A.S. OURENSE, VERÍN E O BARCO","41","1.901","133"
"2020-08-07","A.S. PONTEVEDRA E O SALNÉS","44","923","16"
"2020-08-07","A.S. SANTIAGO E BARBANZA","41","1.805","111"
"2020-08-07","A.S. VIGO","86","2.210","132"
"2020-08-07","GALICIA","584","11.400","620"
"2020-08-08","A.S. A CORUÑA E CEE","335","2.756","166"
"2020-08-08","A.S. FERROL","7","588","33"
"2020-08-08","A.S. LUGO, A MARIÑA E MONFORTE","79","1.234","29"
"2020-08-08","A.S. OURENSE, VERÍN E O BARCO","43","1.903","133"
"2020-08-08","A.S. PONTEVEDRA E O SALNÉS","44","924","16"
"2020-08-08","A.S. SANTIAGO E BARBANZA","42","1.807","111"
"2020-08-08","A.S. VIGO","88","2.214","132"
"2020-08-08","GALICIA","638","11.426","620"
"2020-08-09","A.S. A CORUÑA E CEE","386","2.759","167"
"2020-08-09","A.S. FERROL","9","588","33"
"2020-08-09","A.S. LUGO, A MARIÑA E MONFORTE","76","1.240","30"
"2020-08-09","A.S. OURENSE, VERÍN E O BARCO","47","1.903","133"
"2020-08-09","A.S. PONTEVEDRA E O SALNÉS","44","925","16"
"2020-08-09","A.S. SANTIAGO E BARBANZA","43","1.810","111"
"2020-08-09","A.S. VIGO","90","2.217","132"
"2020-08-09","GALICIA","695","11.442","622"
"2020-08-10","A.S. A CORUÑA E CEE","425","2.758","167"
"2020-08-10","A.S. FERROL","17","588","33"
"2020-08-10","A.S. LUGO, A MARIÑA E MONFORTE","84","1.241","30"
"2020-08-10","A.S. OURENSE, VERÍN E O BARCO","50","1.903","133"
"2020-08-10","A.S. PONTEVEDRA E O SALNÉS","46","927","16"
"2020-08-10","A.S. SANTIAGO E BARBANZA","41","1.814","111"
"2020-08-10","A.S. VIGO","111","2.219","132"
"2020-08-10","GALICIA","774","11.450","622"
"2020-08-11","A.S. A CORUÑA E CEE","490","2.764","167"
"2020-08-11","A.S. FERROL","26","590","33"
"2020-08-11","A.S. LUGO, A MARIÑA E MONFORTE","91","1.248","30"
"2020-08-11","A.S. OURENSE, VERÍN E O BARCO","60","1.903","133"
"2020-08-11","A.S. PONTEVEDRA E O SALNÉS","50","928","16"
"2020-08-11","A.S. SANTIAGO E BARBANZA","44","1.822","111"
"2020-08-11","A.S. VIGO","119","2.220","132"
"2020-08-11","GALICIA","880","11.475","622"
"2020-08-12","A.S. A CORUÑA E CEE","558","2.777","167"
"2020-08-12","A.S. FERROL","30","590","33"
"2020-08-12","A.S. LUGO, A MARIÑA E MONFORTE","96","1.252","30"
"2020-08-12","A.S. OURENSE, VERÍN E O BARCO","68","1.904","133"
"2020-08-12","A.S. PONTEVEDRA E O SALNÉS","51","930","16"
"2020-08-12","A.S. SANTIAGO E BARBANZA","42","1.827","111"
"2020-08-12","A.S. VIGO","127","2.226","132"
"2020-08-12","GALICIA","972","11.506","622"
"2020-08-13","A.S. A CORUÑA E CEE","644","2.790","167"
"2020-08-13","A.S. FERROL","36","591","33"
"2020-08-13","A.S. LUGO, A MARIÑA E MONFORTE","107","1.253","30"
"2020-08-13","A.S. OURENSE, VERÍN E O BARCO","75","1.905","134"
"2020-08-13","A.S. PONTEVEDRA E O SALNÉS","52","932","16"
"2020-08-13","A.S. SANTIAGO E BARBANZA","44","1.830","111"
"2020-08-13","A.S. VIGO","137","2.227","132"
"2020-08-13","GALICIA","1.095","11.528","623"
"2020-08-14","A.S. A CORUÑA E CEE","726","2.802","167"
"2020-08-14","A.S. FERROL","45","591","33"
"2020-08-14","A.S. LUGO, A MARIÑA E MONFORTE","110","1.255","30"
"2020-08-14","A.S. OURENSE, VERÍN E O BARCO","84","1.908","134"
"2020-08-14","A.S. PONTEVEDRA E O SALNÉS","58","934","16"
"2020-08-14","A.S. SANTIAGO E BARBANZA","52","1.835","111"
"2020-08-14","A.S. VIGO","139","2.234","132"
"2020-08-14","GALICIA","1.214","11.559","623"
"2020-08-15","A.S. A CORUÑA E CEE","808","2.819","168"
"2020-08-15","A.S. FERROL","47","591","33"
"2020-08-15","A.S. LUGO, A MARIÑA E MONFORTE","113","1.257","30"
"2020-08-15","A.S. OURENSE, VERÍN E O BARCO","103","1.910","134"
"2020-08-15","A.S. PONTEVEDRA E O SALNÉS","67","934","17"
"2020-08-15","A.S. SANTIAGO E BARBANZA","57","1.835","111"
"2020-08-15","A.S. VIGO","142","2.239","132"
"2020-08-15","GALICIA","1.337","11.585","625"
"2020-08-16","A.S. A CORUÑA E CEE","875","2.829","168"
"2020-08-16","A.S. FERROL","50","592","33"
"2020-08-16","A.S. LUGO, A MARIÑA E MONFORTE","116","1.262","30"
"2020-08-16","A.S. OURENSE, VERÍN E O BARCO","125","1.911","134"
"2020-08-16","A.S. PONTEVEDRA E O SALNÉS","69","934","17"
"2020-08-16","A.S. SANTIAGO E BARBANZA","64","1.836","111"
"2020-08-16","A.S. VIGO","145","2.241","132"
"2020-08-16","GALICIA","1.444","11.605","625"
"2020-08-17","A.S. A CORUÑA E CEE","932","2.837","168"
"2020-08-17","A.S. FERROL","60","591","33"
"2020-08-17","A.S. LUGO, A MARIÑA E MONFORTE","123","1.266","30"
"2020-08-17","A.S. OURENSE, VERÍN E O BARCO","135","1.915","134"
"2020-08-17","A.S. PONTEVEDRA E O SALNÉS","71","936","17"
"2020-08-17","A.S. SANTIAGO E BARBANZA","71","1.838","111"
"2020-08-17","A.S. VIGO","144","2.246","132"
"2020-08-17","GALICIA","1.536","11.629","625"
"2020-08-18","A.S. A CORUÑA E CEE","988","2.848","168"
"2020-08-18","A.S. FERROL","70","592","33"
"2020-08-18","A.S. LUGO, A MARIÑA E MONFORTE","147","1.268","30"
"2020-08-18","A.S. OURENSE, VERÍN E O BARCO","149","1.915","134"
"2020-08-18","A.S. PONTEVEDRA E O SALNÉS","80","941","17"
"2020-08-18","A.S. SANTIAGO E BARBANZA","96","1.843","111"
"2020-08-18","A.S. VIGO","148","2.251","132"
"2020-08-18","GALICIA","1.678","11.658","625"
"2020-08-19","A.S. A CORUÑA E CEE","1.059","2.866","169"
"2020-08-19","A.S. FERROL","77","593","33"
"2020-08-19","A.S. LUGO, A MARIÑA E MONFORTE","180","1.272","30"
"2020-08-19","A.S. OURENSE, VERÍN E O BARCO","164","1.915","134"
"2020-08-19","A.S. PONTEVEDRA E O SALNÉS","79","945","17"
"2020-08-19","A.S. SANTIAGO E BARBANZA","118","1.849","111"
"2020-08-19","A.S. VIGO","152","2.257","132"
"2020-08-19","GALICIA","1.829","11.697","626"
"2020-08-20","A.S. A CORUÑA E CEE","1.137","2.878","169"
"2020-08-20","A.S. FERROL","89","594","33"
"2020-08-20","A.S. LUGO, A MARIÑA E MONFORTE","265","1.278","31"
"2020-08-20","A.S. OURENSE, VERÍN E O BARCO","188","1.917","134"
"2020-08-20","A.S. PONTEVEDRA E O SALNÉS","88","948","17"
"2020-08-20","A.S. SANTIAGO E BARBANZA","142","1.853","111"
"2020-08-20","A.S. VIGO","152","2.272","132"
"2020-08-20","GALICIA","2.061","11.740","627"
"2020-08-21","A.S. A CORUÑA E CEE","1.190","2.929","171"
"2020-08-21","A.S. FERROL","95","596","33"
"2020-08-21","A.S. LUGO, A MARIÑA E MONFORTE","297","1.284","32"
"2020-08-21","A.S. OURENSE, VERÍN E O BARCO","198","1.919","134"
"2020-08-21","A.S. PONTEVEDRA E O SALNÉS","101","952","17"
"2020-08-21","A.S. SANTIAGO E BARBANZA","188","1.856","111"
"2020-08-21","A.S. VIGO","155","2.279","132"
"2020-08-21","GALICIA","2.224","11.815","630"
"2020-08-22","A.S. A CORUÑA E CEE","1.224","2.980","172"
"2020-08-22","A.S. FERROL","104","596","33"
"2020-08-22","A.S. LUGO, A MARIÑA E MONFORTE","318","1.293","33"
"2020-08-22","A.S. OURENSE, VERÍN E O BARCO","206","1.923","134"
"2020-08-22","A.S. PONTEVEDRA E O SALNÉS","133","954","17"
"2020-08-22","A.S. SANTIAGO E BARBANZA","218","1.860","111"
"2020-08-22","A.S. VIGO","165","2.284","132"
"2020-08-22","GALICIA","2.368","11.890","632"
"2020-08-23","A.S. A CORUÑA E CEE","1.244","3.022","173"
"2020-08-23","A.S. FERROL","111","596","33"
"2020-08-23","A.S. LUGO, A MARIÑA E MONFORTE","346","1.302","33"
"2020-08-23","A.S. OURENSE, VERÍN E O BARCO","218","1.928","134"
"2020-08-23","A.S. PONTEVEDRA E O SALNÉS","139","957","17"
"2020-08-23","A.S. SANTIAGO E BARBANZA","276","1.863","111"
"2020-08-23","A.S. VIGO","171","2.289","132"
"2020-08-23","GALICIA","2.505","11.957","633"
"2020-08-24","A.S. A CORUÑA E CEE","1.246","3.066","173"
"2020-08-24","A.S. FERROL","115","598","33"
"2020-08-24","A.S. LUGO, A MARIÑA E MONFORTE","364","1.304","33"
"2020-08-24","A.S. OURENSE, VERÍN E O BARCO","234","1.931","134"
"2020-08-24","A.S. PONTEVEDRA E O SALNÉS","153","959","17"
"2020-08-24","A.S. SANTIAGO E BARBANZA","329","1.867","111"
"2020-08-24","A.S. VIGO","178","2.298","132"
"2020-08-24","GALICIA","2.619","12.023","633"
"2020-08-25","A.S. A CORUÑA E CEE","1.297","3.095","173"
"2020-08-25","A.S. FERROL","114","605","33"
"2020-08-25","A.S. LUGO, A MARIÑA E MONFORTE","464","1.311","33"
"2020-08-25","A.S. OURENSE, VERÍN E O BARCO","257","1.936","134"
"2020-08-25","A.S. PONTEVEDRA E O SALNÉS","169","959","17"
"2020-08-25","A.S. SANTIAGO E BARBANZA","389","1.871","111"
"2020-08-25","A.S. VIGO","189","2.310","132"
"2020-08-25","GALICIA","2.879","12.087","633"
"2020-08-26","A.S. A CORUÑA E CEE","1.321","3.143","174"
"2020-08-26","A.S. FERROL","118","616","33"
"2020-08-26","A.S. LUGO, A MARIÑA E MONFORTE","512","1.326","34"
"2020-08-26","A.S. OURENSE, VERÍN E O BARCO","276","1.948","134"
"2020-08-26","A.S. PONTEVEDRA E O SALNÉS","182","962","17"
"2020-08-26","A.S. SANTIAGO E BARBANZA","428","1.877","111"
"2020-08-26","A.S. VIGO","192","2.316","132"
"2020-08-26","GALICIA","3.029","12.188","635"
"2020-08-27","A.S. A CORUÑA E CEE","1.373","3.199","174"
"2020-08-27","A.S. FERROL","123","620","33"
"2020-08-27","A.S. LUGO, A MARIÑA E MONFORTE","563","1.335","34"
"2020-08-27","A.S. OURENSE, VERÍN E O BARCO","296","1.954","134"
"2020-08-27","A.S. PONTEVEDRA E O SALNÉS","192","970","17"
"2020-08-27","A.S. SANTIAGO E BARBANZA","451","1.883","111"
"2020-08-27","A.S. VIGO","204","2.330","132"
"2020-08-27","GALICIA","3.202","12.291","635"
"2020-08-28","A.S. A CORUÑA E CEE","1.400","3.297","175"
"2020-08-28","A.S. FERROL","130","625","33"
"2020-08-28","A.S. LUGO, A MARIÑA E MONFORTE","636","1.347","35"
"2020-08-28","A.S. OURENSE, VERÍN E O BARCO","316","1.966","135"
"2020-08-28","A.S. PONTEVEDRA E O SALNÉS","208","974","17"
"2020-08-28","A.S. SANTIAGO E BARBANZA","487","1.891","111"
"2020-08-28","A.S. VIGO","221","2.338","132"
"2020-08-28","GALICIA","3.398","12.438","638"
"2020-08-29","A.S. A CORUÑA E CEE","1.400","3.375","177"
"2020-08-29","A.S. FERROL","128","632","33"
"2020-08-29","A.S. LUGO, A MARIÑA E MONFORTE","704","1.356","36"
"2020-08-29","A.S. OURENSE, VERÍN E O BARCO","336","1.974","135"
"2020-08-29","A.S. PONTEVEDRA E O SALNÉS","217","982","17"
"2020-08-29","A.S. SANTIAGO E BARBANZA","544","1.900","111"
"2020-08-29","A.S. VIGO","236","2.339","132"
"2020-08-29","GALICIA","3.565","12.558","641"
"2020-08-30","A.S. A CORUÑA E CEE","1.410","3.445","178"
"2020-08-30","A.S. FERROL","137","635","33"
"2020-08-30","A.S. LUGO, A MARIÑA E MONFORTE","759","1.360","37"
"2020-08-30","A.S. OURENSE, VERÍN E O BARCO","347","1.982","135"
"2020-08-30","A.S. PONTEVEDRA E O SALNÉS","227","987","17"
"2020-08-30","A.S. SANTIAGO E BARBANZA","585","1.913","111"
"2020-08-30","A.S. VIGO","259","2.347","132"
"2020-08-30","GALICIA","3.724","12.669","643"
"2020-08-31","A.S. A CORUÑA E CEE","1.418","3.503","178"
"2020-08-31","A.S. FERROL","147","638","33"
"2020-08-31","A.S. LUGO, A MARIÑA E MONFORTE","770","1.368","39"
"2020-08-31","A.S. OURENSE, VERÍN E O BARCO","355","1.998","135"
"2020-08-31","A.S. PONTEVEDRA E O SALNÉS","235","989","17"
"2020-08-31","A.S. SANTIAGO E BARBANZA","616","1.922","111"
"2020-08-31","A.S. VIGO","263","2.353","132"
"2020-08-31","GALICIA","3.804","12.771","645"
"2020-09-01","A.S. A CORUÑA E CEE","1.420","3.558","179"
"2020-09-01","A.S. FERROL","149","648","33"
"2020-09-01","A.S. LUGO, A MARIÑA E MONFORTE","800","1.381","39"
"2020-09-01","A.S. OURENSE, VERÍN E O BARCO","375","2.008","135"
"2020-09-01","A.S. PONTEVEDRA E O SALNÉS","255","999","17"
"2020-09-01","A.S. SANTIAGO E BARBANZA","656","1.931","111"
"2020-09-01","A.S. VIGO","290","2.362","132"
"2020-09-01","GALICIA","3.945","12.887","646"
"2020-09-02","A.S. A CORUÑA E CEE","1.444","3.623","179"
"2020-09-02","A.S. FERROL","150","659","33"
"2020-09-02","A.S. LUGO, A MARIÑA E MONFORTE","816","1.408","43"
"2020-09-02","A.S. OURENSE, VERÍN E O BARCO","399","2.017","135"
"2020-09-02","A.S. PONTEVEDRA E O SALNÉS","275","1.002","17"
"2020-09-02","A.S. SANTIAGO E BARBANZA","669","1.960","112"
"2020-09-02","A.S. VIGO","321","2.370","132"
"2020-09-02","GALICIA","4.074","13.039","651"
"2020-09-03","A.S. A CORUÑA E CEE","1.474","3.689","180"
"2020-09-03","A.S. FERROL","152","665","33"
"2020-09-03","A.S. LUGO, A MARIÑA E MONFORTE","813","1.447","45"
"2020-09-03","A.S. OURENSE, VERÍN E O BARCO","414","2.031","135"
"2020-09-03","A.S. PONTEVEDRA E O SALNÉS","298","1.010","18"
"2020-09-03","A.S. SANTIAGO E BARBANZA","679","1.992","112"
"2020-09-03","A.S. VIGO","335","2.377","132"
"2020-09-03","GALICIA","4.165","13.211","655"
"2020-09-04","A.S. A CORUÑA E CEE","1.460","3.783","181"
"2020-09-04","A.S. FERROL","148","676","33"
"2020-09-04","A.S. LUGO, A MARIÑA E MONFORTE","813","1.488","47"
"2020-09-04","A.S. OURENSE, VERÍN E O BARCO","421","2.058","135"
"2020-09-04","A.S. PONTEVEDRA E O SALNÉS","314","1.020","18"
"2020-09-04","A.S. SANTIAGO E BARBANZA","683","2.024","112"
"2020-09-04","A.S. VIGO","350","2.390","132"
"2020-09-04","GALICIA","4.189","13.439","658"
"2020-09-05","A.S. A CORUÑA E CEE","1.442","3.876","181"
"2020-09-05","A.S. FERROL","158","682","33"
"2020-09-05","A.S. LUGO, A MARIÑA E MONFORTE","823","1.523","50"
"2020-09-05","A.S. OURENSE, VERÍN E O BARCO","439","2.070","135"
"2020-09-05","A.S. PONTEVEDRA E O SALNÉS","336","1.028","18"
"2020-09-05","A.S. SANTIAGO E BARBANZA","695","2.065","112"
"2020-09-05","A.S. VIGO","356","2.400","132"
"2020-09-05","GALICIA","4.249","13.644","661"
"2020-09-06","A.S. A CORUÑA E CEE","1.449","3.933","182"
"2020-09-06","A.S. FERROL","159","691","33"
"2020-09-06","A.S. LUGO, A MARIÑA E MONFORTE","824","1.551","51"
"2020-09-06","A.S. OURENSE, VERÍN E O BARCO","465","2.074","135"
"2020-09-06","A.S. PONTEVEDRA E O SALNÉS","363","1.042","18"
"2020-09-06","A.S. SANTIAGO E BARBANZA","698","2.098","112"
"2020-09-06","A.S. VIGO","357","2.408","132"
"2020-09-06","GALICIA","4.315","13.797","663"
"2020-09-07","A.S. A CORUÑA E CEE","1.432","3.983","183"
"2020-09-07","A.S. FERROL","164","697","33"
"2020-09-07","A.S. LUGO, A MARIÑA E MONFORTE","908","1.584","51"
"2020-09-07","A.S. OURENSE, VERÍN E O BARCO","468","2.082","135"
"2020-09-07","A.S. PONTEVEDRA E O SALNÉS","377","1.045","18"
"2020-09-07","A.S. SANTIAGO E BARBANZA","667","2.149","113"
"2020-09-07","A.S. VIGO","358","2.420","132"
"2020-09-07","GALICIA","4.374","13.960","665"
"2020-09-08","A.S. A CORUÑA E CEE","1.437","4.036","184"
"2020-09-08","A.S. FERROL","173","701","33"
"2020-09-08","A.S. LUGO, A MARIÑA E MONFORTE","943","1.612","53"
"2020-09-08","A.S. OURENSE, VERÍN E O BARCO","466","2.101","135"
"2020-09-08","A.S. PONTEVEDRA E O SALNÉS","391","1.064","18"
"2020-09-08","A.S. SANTIAGO E BARBANZA","675","2.201","113"
"2020-09-08","A.S. VIGO","356","2.448","132"
"2020-09-08","GALICIA","4.441","14.163","668"
"2020-09-09","A.S. A CORUÑA E CEE","1.415","4.114","185"
"2020-09-09","A.S. FERROL","172","711","33"
"2020-09-09","A.S. LUGO, A MARIÑA E MONFORTE","905","1.687","57"
"2020-09-09","A.S. OURENSE, VERÍN E O BARCO","492","2.119","136"
"2020-09-09","A.S. PONTEVEDRA E O SALNÉS","407","1.067","18"
"2020-09-09","A.S. SANTIAGO E BARBANZA","682","2.275","114"
"2020-09-09","A.S. VIGO","365","2.465","133"
"2020-09-09","GALICIA","4.438","14.438","676"
"2020-09-10","A.S. A CORUÑA E CEE","1.419","4.189","185"
"2020-09-10","A.S. FERROL","175","727","33"
"2020-09-10","A.S. LUGO, A MARIÑA E MONFORTE","871","1.743","58"
"2020-09-10","A.S. OURENSE, VERÍN E O BARCO","498","2.139","137"
"2020-09-10","A.S. PONTEVEDRA E O SALNÉS","434","1.078","18"
"2020-09-10","A.S. SANTIAGO E BARBANZA","690","2.322","114"
"2020-09-10","A.S. VIGO","386","2.477","133"
"2020-09-10","GALICIA","4.473","14.675","678"
"2020-09-11","A.S. A CORUÑA E CEE","1.368","4.291","185"
"2020-09-11","A.S. FERROL","182","732","33"
"2020-09-11","A.S. LUGO, A MARIÑA E MONFORTE","875","1.799","60"
"2020-09-11","A.S. OURENSE, VERÍN E O BARCO","485","2.167","138"
"2020-09-11","A.S. PONTEVEDRA E O SALNÉS","454","1.083","18"
"2020-09-11","A.S. SANTIAGO E BARBANZA","686","2.357","114"
"2020-09-11","A.S. VIGO","382","2.499","133"
"2020-09-11","GALICIA","4.432","14.928","681"
"2020-09-12","A.S. A CORUÑA E CEE","1.320","4.390","185"
"2020-09-12","A.S. FERROL","179","744","33"
"2020-09-12","A.S. LUGO, A MARIÑA E MONFORTE","836","1.893","60"
"2020-09-12","A.S. OURENSE, VERÍN E O BARCO","473","2.188","139"
"2020-09-12","A.S. PONTEVEDRA E O SALNÉS","485","1.091","18"
"2020-09-12","A.S. SANTIAGO E BARBANZA","674","2.392","114"
"2020-09-12","A.S. VIGO","377","2.517","134"
"2020-09-12","GALICIA","4.344","15.215","683"
"2020-09-13","A.S. A CORUÑA E CEE","1.301","4.464","186"
"2020-09-13","A.S. FERROL","183","747","33"
"2020-09-13","A.S. LUGO, A MARIÑA E MONFORTE","804","1.941","64"
"2020-09-13","A.S. OURENSE, VERÍN E O BARCO","495","2.211","140"
"2020-09-13","A.S. PONTEVEDRA E O SALNÉS","535","1.097","18"
"2020-09-13","A.S. SANTIAGO E BARBANZA","679","2.460","114"
"2020-09-13","A.S. VIGO","382","2.529","134"
"2020-09-13","GALICIA","4.379","15.449","689"
"2020-09-14","A.S. A CORUÑA E CEE","1.263","4.534","188"
"2020-09-14","A.S. FERROL","181","756","33"
"2020-09-14","A.S. LUGO, A MARIÑA E MONFORTE","790","1.980","67"
"2020-09-14","A.S. OURENSE, VERÍN E O BARCO","501","2.232","141"
"2020-09-14","A.S. PONTEVEDRA E O SALNÉS","567","1.098","18"
"2020-09-14","A.S. SANTIAGO E BARBANZA","688","2.505","114"
"2020-09-14","A.S. VIGO","395","2.549","134"
"2020-09-14","GALICIA","4.385","15.654","695"
"2020-09-15","A.S. A CORUÑA E CEE","1.242","4.590","189"
"2020-09-15","A.S. FERROL","185","769","33"
"2020-09-15","A.S. LUGO, A MARIÑA E MONFORTE","797","1.998","69"
"2020-09-15","A.S. OURENSE, VERÍN E O BARCO","503","2.254","141"
"2020-09-15","A.S. PONTEVEDRA E O SALNÉS","577","1.110","18"
"2020-09-15","A.S. SANTIAGO E BARBANZA","666","2.550","114"
"2020-09-15","A.S. VIGO","404","2.560","134"
"2020-09-15","GALICIA","4.374","15.831","698"
"2020-09-16","A.S. A CORUÑA E CEE","1.248","4.646","189"
"2020-09-16","A.S. FERROL","181","781","33"
"2020-09-16","A.S. LUGO, A MARIÑA E MONFORTE","780","2.036","73"
"2020-09-16","A.S. OURENSE, VERÍN E O BARCO","512","2.282","141"
"2020-09-16","A.S. PONTEVEDRA E O SALNÉS","591","1.125","18"
"2020-09-16","A.S. SANTIAGO E BARBANZA","647","2.600","114"
"2020-09-16","A.S. VIGO","420","2.592","135"
"2020-09-16","GALICIA","4.379","16.062","703"
"2020-09-17","A.S. A CORUÑA E CEE","1.267","4.718","189"
"2020-09-17","A.S. FERROL","181","793","33"
"2020-09-17","A.S. LUGO, A MARIÑA E MONFORTE","764","2.081","75"
"2020-09-17","A.S. OURENSE, VERÍN E O BARCO","521","2.312","141"
"2020-09-17","A.S. PONTEVEDRA E O SALNÉS","636","1.128","19"
"2020-09-17","A.S. SANTIAGO E BARBANZA","632","2.642","114"
"2020-09-17","A.S. VIGO","431","2.622","135"
"2020-09-17","GALICIA","4.432","16.296","706"
"2020-09-18","A.S. A CORUÑA E CEE","1.233","4.806","190"
"2020-09-18","A.S. FERROL","179","802","33"
"2020-09-18","A.S. LUGO, A MARIÑA E MONFORTE","761","2.108","78"
"2020-09-18","A.S. OURENSE, VERÍN E O BARCO","542","2.337","142"
"2020-09-18","A.S. PONTEVEDRA E O SALNÉS","657","1.140","19"
"2020-09-18","A.S. SANTIAGO E BARBANZA","630","2.684","114"
"2020-09-18","A.S. VIGO","445","2.648","135"
"2020-09-18","GALICIA","4.447","16.525","711"
"2020-09-19","A.S. A CORUÑA E CEE","1.217","4.891","192"
"2020-09-19","A.S. FERROL","183","810","33"
"2020-09-19","A.S. LUGO, A MARIÑA E MONFORTE","735","2.145","81"
"2020-09-19","A.S. OURENSE, VERÍN E O BARCO","542","2.365","143"
"2020-09-19","A.S. PONTEVEDRA E O SALNÉS","663","1.156","19"
"2020-09-19","A.S. SANTIAGO E BARBANZA","650","2.717","114"
"2020-09-19","A.S. VIGO","466","2.668","135"
"2020-09-19","GALICIA","4.456","16.752","717"
"2020-09-20","A.S. A CORUÑA E CEE","1.164","4.972","193"
"2020-09-20","A.S. FERROL","174","823","33"
"2020-09-20","A.S. LUGO, A MARIÑA E MONFORTE","708","2.185","82"
"2020-09-20","A.S. OURENSE, VERÍN E O BARCO","561","2.388","144"
"2020-09-20","A.S. PONTEVEDRA E O SALNÉS","680","1.174","19"
"2020-09-20","A.S. SANTIAGO E BARBANZA","638","2.764","114"
"2020-09-20","A.S. VIGO","470","2.681","135"
"2020-09-20","GALICIA","4.395","16.987","720"
"2020-09-21","A.S. A CORUÑA E CEE","1.127","5.045","193"
"2020-09-21","A.S. FERROL","181","828","33"
"2020-09-21","A.S. LUGO, A MARIÑA E MONFORTE","692","2.219","82"
"2020-09-21","A.S. OURENSE, VERÍN E O BARCO","574","2.409","144"
"2020-09-21","A.S. PONTEVEDRA E O SALNÉS","728","1.178","19"
"2020-09-21","A.S. SANTIAGO E BARBANZA","633","2.799","115"
"2020-09-21","A.S. VIGO","506","2.690","135"
"2020-09-21","GALICIA","4.441","17.168","721"
"2020-09-22","A.S. A CORUÑA E CEE","1.142","5.090","193"
"2020-09-22","A.S. FERROL","188","835","33"
"2020-09-22","A.S. LUGO, A MARIÑA E MONFORTE","697","2.247","82"
"2020-09-22","A.S. OURENSE, VERÍN E O BARCO","656","2.419","145"
"2020-09-22","A.S. PONTEVEDRA E O SALNÉS","745","1.196","19"
"2020-09-22","A.S. SANTIAGO E BARBANZA","639","2.821","115"
"2020-09-22","A.S. VIGO","526","2.704","135"
"2020-09-22","GALICIA","4.593","17.312","722"
"2020-09-23","A.S. A CORUÑA E CEE","1.127","5.151","194"
"2020-09-23","A.S. FERROL","179","849","33"
"2020-09-23","A.S. LUGO, A MARIÑA E MONFORTE","664","2.298","84"
"2020-09-23","A.S. OURENSE, VERÍN E O BARCO","666","2.447","145"
"2020-09-23","A.S. PONTEVEDRA E O SALNÉS","766","1.211","19"
"2020-09-23","A.S. SANTIAGO E BARBANZA","619","2.880","115"
"2020-09-23","A.S. VIGO","518","2.733","135"
"2020-09-23","GALICIA","4.539","17.569","725"
"2020-09-24","A.S. A CORUÑA E CEE","1.134","5.195","194"
"2020-09-24","A.S. FERROL","171","860","33"
"2020-09-24","A.S. LUGO, A MARIÑA E MONFORTE","651","2.342","85"
"2020-09-24","A.S. OURENSE, VERÍN E O BARCO","677","2.494","146"
"2020-09-24","A.S. PONTEVEDRA E O SALNÉS","799","1.223","19"
"2020-09-24","A.S. SANTIAGO E BARBANZA","585","2.944","115"
"2020-09-24","A.S. VIGO","525","2.757","135"
"2020-09-24","GALICIA","4.542","17.815","727"
"2020-09-25","A.S. A CORUÑA E CEE","1.087","5.285","194"
"2020-09-25","A.S. FERROL","160","876","33"
"2020-09-25","A.S. LUGO, A MARIÑA E MONFORTE","639","2.373","87"
"2020-09-25","A.S. OURENSE, VERÍN E O BARCO","706","2.524","146"
"2020-09-25","A.S. PONTEVEDRA E O SALNÉS","818","1.242","19"
"2020-09-25","A.S. SANTIAGO E BARBANZA","563","2.990","115"
"2020-09-25","A.S. VIGO","521","2.792","135"
"2020-09-25","GALICIA","4.494","18.082","729"
"2020-09-26","A.S. A CORUÑA E CEE","1.047","5.362","195"
"2020-09-26","A.S. FERROL","154","888","33"
"2020-09-26","A.S. LUGO, A MARIÑA E MONFORTE","598","2.439","87"
"2020-09-26","A.S. OURENSE, VERÍN E O BARCO","732","2.542","147"
"2020-09-26","A.S. PONTEVEDRA E O SALNÉS","830","1.254","19"
"2020-09-26","A.S. SANTIAGO E BARBANZA","584","3.021","115"
"2020-09-26","A.S. VIGO","524","2.812","135"
"2020-09-26","GALICIA","4.469","18.318","731"
"2020-09-27","A.S. A CORUÑA E CEE","1.007","5.438","198"
"2020-09-27","A.S. FERROL","156","895","33"
"2020-09-27","A.S. LUGO, A MARIÑA E MONFORTE","562","2.487","88"
"2020-09-27","A.S. OURENSE, VERÍN E O BARCO","758","2.556","147"
"2020-09-27","A.S. PONTEVEDRA E O SALNÉS","826","1.285","19"
"2020-09-27","A.S. SANTIAGO E BARBANZA","593","3.040","116"
"2020-09-27","A.S. VIGO","521","2.826","135"
"2020-09-27","GALICIA","4.423","18.527","736"
"2020-09-28","A.S. A CORUÑA E CEE","977","5.492","198"
"2020-09-28","A.S. FERROL","149","903","33"
"2020-09-28","A.S. LUGO, A MARIÑA E MONFORTE","551","2.509","88"
"2020-09-28","A.S. OURENSE, VERÍN E O BARCO","769","2.596","148"
"2020-09-28","A.S. PONTEVEDRA E O SALNÉS","804","1.317","19"
"2020-09-28","A.S. SANTIAGO E BARBANZA","577","3.090","117"
"2020-09-28","A.S. VIGO","515","2.841","135"
"2020-09-28","GALICIA","4.342","18.748","738"
"2020-09-29","A.S. A CORUÑA E CEE","986","5.517","200"
"2020-09-29","A.S. FERROL","148","908","33"
"2020-09-29","A.S. LUGO, A MARIÑA E MONFORTE","549","2.532","89"
"2020-09-29","A.S. OURENSE, VERÍN E O BARCO","786","2.620","150"
"2020-09-29","A.S. PONTEVEDRA E O SALNÉS","783","1.352","20"
"2020-09-29","A.S. SANTIAGO E BARBANZA","541","3.150","117"
"2020-09-29","A.S. VIGO","514","2.866","135"
"2020-09-29","GALICIA","4.307","18.945","744"
"2020-09-30","A.S. A CORUÑA E CEE","970","5.565","202"
"2020-09-30","A.S. FERROL","127","930","33"
"2020-09-30","A.S. LUGO, A MARIÑA E MONFORTE","533","2.567","89"
"2020-09-30","A.S. OURENSE, VERÍN E O BARCO","808","2.651","153"
"2020-09-30","A.S. PONTEVEDRA E O SALNÉS","796","1.354","20"
"2020-09-30","A.S. SANTIAGO E BARBANZA","545","3.178","117"
"2020-09-30","A.S. VIGO","517","2.887","135"
"2020-09-30","GALICIA","4.296","19.132","749"
"2020-10-01","A.S. A CORUÑA E CEE","909","5.652","202"
"2020-10-01","A.S. FERROL","127","933","33"
"2020-10-01","A.S. LUGO, A MARIÑA E MONFORTE","530","2.596","89"
"2020-10-01","A.S. OURENSE, VERÍN E O BARCO","857","2.685","154"
"2020-10-01","A.S. PONTEVEDRA E O SALNÉS","776","1.397","20"
"2020-10-01","A.S. SANTIAGO E BARBANZA","547","3.211","117"
"2020-10-01","A.S. VIGO","498","2.922","135"
"2020-10-01","GALICIA","4.244","19.396","750"
"2020-10-02","A.S. A CORUÑA E CEE","856","5.747","202"
"2020-10-02","A.S. FERROL","122","944","34"
"2020-10-02","A.S. LUGO, A MARIÑA E MONFORTE","512","2.629","90"
"2020-10-02","A.S. OURENSE, VERÍN E O BARCO","909","2.723","155"
"2020-10-02","A.S. PONTEVEDRA E O SALNÉS","726","1.461","21"
"2020-10-02","A.S. SANTIAGO E BARBANZA","554","3.238","118"
"2020-10-02","A.S. VIGO","473","2.969","135"
"2020-10-02","GALICIA","4.152","19.711","755"
"2020-10-03","A.S. A CORUÑA E CEE","830","5.813","202"
"2020-10-03","A.S. FERROL","120","950","34"
"2020-10-03","A.S. LUGO, A MARIÑA E MONFORTE","500","2.654","90"
"2020-10-03","A.S. OURENSE, VERÍN E O BARCO","979","2.764","155"
"2020-10-03","A.S. PONTEVEDRA E O SALNÉS","688","1.518","21"
"2020-10-03","A.S. SANTIAGO E BARBANZA","548","3.274","118"
"2020-10-03","A.S. VIGO","451","3.005","135"
"2020-10-03","GALICIA","4.116","19.978","755"
"2020-10-04","A.S. A CORUÑA E CEE","833","5.860","202"
"2020-10-04","A.S. FERROL","120","958","34"
"2020-10-04","A.S. LUGO, A MARIÑA E MONFORTE","503","2.665","90"
"2020-10-04","A.S. OURENSE, VERÍN E O BARCO","1.065","2.790","159"
"2020-10-04","A.S. PONTEVEDRA E O SALNÉS","694","1.542","21"
"2020-10-04","A.S. SANTIAGO E BARBANZA","538","3.319","118"
"2020-10-04","A.S. VIGO","422","3.043","136"
"2020-10-04","GALICIA","4.175","20.177","760"
"2020-10-05","A.S. A CORUÑA E CEE","800","5.908","204"
"2020-10-05","A.S. FERROL","119","964","34"
"2020-10-05","A.S. LUGO, A MARIÑA E MONFORTE","505","2.677","91"
"2020-10-05","A.S. OURENSE, VERÍN E O BARCO","1.089","2.828","161"
"2020-10-05","A.S. PONTEVEDRA E O SALNÉS","671","1.574","22"
"2020-10-05","A.S. SANTIAGO E BARBANZA","540","3.346","120"
"2020-10-05","A.S. VIGO","420","3.065","136"
"2020-10-05","GALICIA","4.144","20.362","768"
"2020-10-06","A.S. A CORUÑA E CEE","791","5.948","206"
"2020-10-06","A.S. FERROL","107","980","34"
"2020-10-06","A.S. LUGO, A MARIÑA E MONFORTE","495","2.701","91"
"2020-10-06","A.S. OURENSE, VERÍN E O BARCO","1.132","2.863","162"
"2020-10-06","A.S. PONTEVEDRA E O SALNÉS","631","1.637","22"
"2020-10-06","A.S. SANTIAGO E BARBANZA","552","3.373","120"
"2020-10-06","A.S. VIGO","402","3.107","136"
"2020-10-06","GALICIA","4.110","20.609","771"
"2020-10-07","A.S. A CORUÑA E CEE","783","5.997","206"
"2020-10-07","A.S. FERROL","104","992","34"
"2020-10-07","A.S. LUGO, A MARIÑA E MONFORTE","494","2.736","91"
"2020-10-07","A.S. OURENSE, VERÍN E O BARCO","1.162","2.915","163"
"2020-10-07","A.S. PONTEVEDRA E O SALNÉS","616","1.682","24"
"2020-10-07","A.S. SANTIAGO E BARBANZA","547","3.406","120"
"2020-10-07","A.S. VIGO","430","3.141","137"
"2020-10-07","GALICIA","4.136","20.869","775"
"2020-10-08","A.S. A CORUÑA E CEE","773","6.048","206"
"2020-10-08","A.S. FERROL","108","999","34"
"2020-10-08","A.S. LUGO, A MARIÑA E MONFORTE","511","2.747","91"
"2020-10-08","A.S. OURENSE, VERÍN E O BARCO","1.375","2.955","166"
"2020-10-08","A.S. PONTEVEDRA E O SALNÉS","582","1.742","24"
"2020-10-08","A.S. SANTIAGO E BARBANZA","564","3.457","120"
"2020-10-08","A.S. VIGO","442","3.166","137"
"2020-10-08","GALICIA","4.355","21.114","778"
"2020-10-09","A.S. A CORUÑA E CEE","754","6.099","210"
"2020-10-09","A.S. FERROL","117","1.005","34"
"2020-10-09","A.S. LUGO, A MARIÑA E MONFORTE","475","2.811","91"
"2020-10-09","A.S. OURENSE, VERÍN E O BARCO","1.487","3.020","166"
"2020-10-09","A.S. PONTEVEDRA E O SALNÉS","544","1.804","24"
"2020-10-09","A.S. SANTIAGO E BARBANZA","586","3.495","120"
"2020-10-09","A.S. VIGO","449","3.200","137"
"2020-10-09","GALICIA","4.412","21.434","782"
"2020-10-10","A.S. A CORUÑA E CEE","761","6.146","211"
"2020-10-10","A.S. FERROL","124","1.014","34"
"2020-10-10","A.S. LUGO, A MARIÑA E MONFORTE","474","2.853","91"
"2020-10-10","A.S. OURENSE, VERÍN E O BARCO","1.495","3.093","166"
"2020-10-10","A.S. PONTEVEDRA E O SALNÉS","512","1.860","24"
"2020-10-10","A.S. SANTIAGO E BARBANZA","616","3.515","121"
"2020-10-10","A.S. VIGO","478","3.230","137"
"2020-10-10","GALICIA","4.460","21.711","784"
"2020-10-11","A.S. A CORUÑA E CEE","775","6.193","211"
"2020-10-11","A.S. FERROL","138","1.020","34"
"2020-10-11","A.S. LUGO, A MARIÑA E MONFORTE","467","2.877","91"
"2020-10-11","A.S. OURENSE, VERÍN E O BARCO","1.526","3.134","169"
"2020-10-11","A.S. PONTEVEDRA E O SALNÉS","519","1.882","24"
"2020-10-11","A.S. SANTIAGO E BARBANZA","634","3.564","121"
"2020-10-11","A.S. VIGO","484","3.251","137"
"2020-10-11","GALICIA","4.543","21.921","787"
"2020-10-12","A.S. A CORUÑA E CEE","758","6.231","211"
"2020-10-12","A.S. FERROL","142","1.027","34"
"2020-10-12","A.S. LUGO, A MARIÑA E MONFORTE","483","2.887","91"
"2020-10-12","A.S. OURENSE, VERÍN E O BARCO","1.592","3.174","174"
"2020-10-12","A.S. PONTEVEDRA E O SALNÉS","483","1.945","25"
"2020-10-12","A.S. SANTIAGO E BARBANZA","630","3.596","121"
"2020-10-12","A.S. VIGO","502","3.263","137"
"2020-10-12","GALICIA","4.590","22.123","793"
"2020-10-13","A.S. A CORUÑA E CEE","779","6.258","212"
"2020-10-13","A.S. FERROL","145","1.033","34"
"2020-10-13","A.S. LUGO, A MARIÑA E MONFORTE","481","2.899","91"
"2020-10-13","A.S. OURENSE, VERÍN E O BARCO","1.608","3.227","178"
"2020-10-13","A.S. PONTEVEDRA E O SALNÉS","470","1.968","25"
"2020-10-13","A.S. SANTIAGO E BARBANZA","635","3.636","123"
"2020-10-13","A.S. VIGO","528","3.275","138"
"2020-10-13","GALICIA","4.646","22.296","801"
"2020-10-14","A.S. A CORUÑA E CEE","775","6.302","213"
"2020-10-14","A.S. FERROL","148","1.039","34"
"2020-10-14","A.S. LUGO, A MARIÑA E MONFORTE","486","2.924","92"
"2020-10-14","A.S. OURENSE, VERÍN E O BARCO","1.598","3.294","181"
"2020-10-14","A.S. PONTEVEDRA E O SALNÉS","422","2.037","25"
"2020-10-14","A.S. SANTIAGO E BARBANZA","644","3.663","123"
"2020-10-14","A.S. VIGO","562","3.302","138"
"2020-10-14","GALICIA","4.635","22.561","806"
"2020-10-15","A.S. A CORUÑA E CEE","801","6.344","213"
"2020-10-15","A.S. FERROL","167","1.039","34"
"2020-10-15","A.S. LUGO, A MARIÑA E MONFORTE","485","2.946","92"
"2020-10-15","A.S. OURENSE, VERÍN E O BARCO","1.620","3.367","186"
"2020-10-15","A.S. PONTEVEDRA E O SALNÉS","415","2.083","25"
"2020-10-15","A.S. SANTIAGO E BARBANZA","668","3.703","123"
"2020-10-15","A.S. VIGO","599","3.319","138"
"2020-10-15","GALICIA","4.755","22.801","811"
"2020-10-16","A.S. A CORUÑA E CEE","837","6.378","214"
"2020-10-16","A.S. FERROL","170","1.047","35"
"2020-10-16","A.S. LUGO, A MARIÑA E MONFORTE","425","3.020","92"
"2020-10-16","A.S. OURENSE, VERÍN E O BARCO","1.627","3.455","189"
"2020-10-16","A.S. PONTEVEDRA E O SALNÉS","428","2.110","25"
"2020-10-16","A.S. SANTIAGO E BARBANZA","696","3.741","124"
"2020-10-16","A.S. VIGO","649","3.346","139"
"2020-10-16","GALICIA","4.832","23.097","818"
"2020-10-17","A.S. A CORUÑA E CEE","877","6.409","214"
"2020-10-17","A.S. FERROL","201","1.055","35"
"2020-10-17","A.S. LUGO, A MARIÑA E MONFORTE","453","3.036","92"
"2020-10-17","A.S. OURENSE, VERÍN E O BARCO","1.590","3.561","193"
"2020-10-17","A.S. PONTEVEDRA E O SALNÉS","471","2.122","25"
"2020-10-17","A.S. SANTIAGO E BARBANZA","740","3.779","124"
"2020-10-17","A.S. VIGO","761","3.372","139"
"2020-10-17","GALICIA","5.093","23.334","822"
"2020-10-18","A.S. A CORUÑA E CEE","879","6.462","215"
"2020-10-18","A.S. FERROL","233","1.060","35"
"2020-10-18","A.S. LUGO, A MARIÑA E MONFORTE","494","3.045","92"
"2020-10-18","A.S. OURENSE, VERÍN E O BARCO","1.538","3.695","195"
"2020-10-18","A.S. PONTEVEDRA E O SALNÉS","489","2.139","26"
"2020-10-18","A.S. SANTIAGO E BARBANZA","792","3.808","126"
"2020-10-18","A.S. VIGO","811","3.385","140"
"2020-10-18","GALICIA","5.236","23.594","829"
"2020-10-19","A.S. A CORUÑA E CEE","907","6.501","215"
"2020-10-19","A.S. FERROL","243","1.069","35"
"2020-10-19","A.S. LUGO, A MARIÑA E MONFORTE","501","3.060","92"
"2020-10-19","A.S. OURENSE, VERÍN E O BARCO","1.497","3.788","199"
"2020-10-19","A.S. PONTEVEDRA E O SALNÉS","504","2.172","26"
"2020-10-19","A.S. SANTIAGO E BARBANZA","830","3.850","127"
"2020-10-19","A.S. VIGO","857","3.394","140"
"2020-10-19","GALICIA","5.339","23.834","834"
"2020-10-20","A.S. A CORUÑA E CEE","927","6.529","217"
"2020-10-20","A.S. FERROL","255","1.074","36"
"2020-10-20","A.S. LUGO, A MARIÑA E MONFORTE","529","3.078","92"
"2020-10-20","A.S. OURENSE, VERÍN E O BARCO","1.505","3.868","204"
"2020-10-20","A.S. PONTEVEDRA E O SALNÉS","557","2.183","26"
"2020-10-20","A.S. SANTIAGO E BARBANZA","885","3.890","128"
"2020-10-20","A.S. VIGO","968","3.409","141"
"2020-10-20","GALICIA","5.626","24.031","844"
"2020-10-21","A.S. A CORUÑA E CEE","933","6.591","217"
"2020-10-21","A.S. FERROL","294","1.077","36"
"2020-10-21","A.S. LUGO, A MARIÑA E MONFORTE","552","3.098","92"
"2020-10-21","A.S. OURENSE, VERÍN E O BARCO","1.499","3.934","210"
"2020-10-21","A.S. PONTEVEDRA E O SALNÉS","579","2.211","27"
"2020-10-21","A.S. SANTIAGO E BARBANZA","910","3.933","129"
"2020-10-21","A.S. VIGO","1.018","3.431","141"
"2020-10-21","GALICIA","5.785","24.275","852"
"2020-10-22","A.S. A CORUÑA E CEE","984","6.628","218"
"2020-10-22","A.S. FERROL","355","1.088","36"
"2020-10-22","A.S. LUGO, A MARIÑA E MONFORTE","562","3.133","92"
"2020-10-22","A.S. OURENSE, VERÍN E O BARCO","1.475","4.039","215"
"2020-10-22","A.S. PONTEVEDRA E O SALNÉS","595","2.238","27"
"2020-10-22","A.S. SANTIAGO E BARBANZA","1.006","3.974","130"
"2020-10-22","A.S. VIGO","1.034","3.487","141"
"2020-10-22","GALICIA","6.011","24.587","859"
"2020-10-23","A.S. A CORUÑA E CEE","1.079","6.679","218"
"2020-10-23","A.S. FERROL","425","1.096","36"
"2020-10-23","A.S. LUGO, A MARIÑA E MONFORTE","637","3.158","92"
"2020-10-23","A.S. OURENSE, VERÍN E O BARCO","1.323","4.256","217"
"2020-10-23","A.S. PONTEVEDRA E O SALNÉS","649","2.261","27"
"2020-10-23","A.S. SANTIAGO E BARBANZA","1.066","4.028","132"
"2020-10-23","A.S. VIGO","1.137","3.524","142"
"2020-10-23","GALICIA","6.316","25.002","864"
"2020-10-24","A.S. A CORUÑA E CEE","1.166","6.724","220"
"2020-10-24","A.S. FERROL","459","1.112","37"
"2020-10-24","A.S. LUGO, A MARIÑA E MONFORTE","682","3.186","92"
"2020-10-24","A.S. OURENSE, VERÍN E O BARCO","1.322","4.360","222"
"2020-10-24","A.S. PONTEVEDRA E O SALNÉS","655","2.296","28"
"2020-10-24","A.S. SANTIAGO E BARBANZA","1.097","4.086","132"
"2020-10-24","A.S. VIGO","1.205","3.554","143"
"2020-10-24","GALICIA","6.586","25.318","874"
"2020-10-25","A.S. A CORUÑA E CEE","1.180","6.776","221"
"2020-10-25","A.S. FERROL","499","1.123","37"
"2020-10-25","A.S. LUGO, A MARIÑA E MONFORTE","676","3.223","92"
"2020-10-25","A.S. OURENSE, VERÍN E O BARCO","1.425","4.415","225"
"2020-10-25","A.S. PONTEVEDRA E O SALNÉS","708","2.312","28"
"2020-10-25","A.S. SANTIAGO E BARBANZA","1.152","4.134","133"
"2020-10-25","A.S. VIGO","1.302","3.600","143"
"2020-10-25","GALICIA","6.942","25.583","879"
"2020-10-26","A.S. A CORUÑA E CEE","1.230","6.831","221"
"2020-10-26","A.S. FERROL","569","1.139","37"
"2020-10-26","A.S. LUGO, A MARIÑA E MONFORTE","708","3.240","92"
"2020-10-26","A.S. OURENSE, VERÍN E O BARCO","1.440","4.462","225"
"2020-10-26","A.S. PONTEVEDRA E O SALNÉS","729","2.337","28"
"2020-10-26","A.S. SANTIAGO E BARBANZA","1.154","4.185","135"
"2020-10-26","A.S. VIGO","1.410","3.626","143"
"2020-10-26","GALICIA","7.240","25.820","881"
"2020-10-27","A.S. A CORUÑA E CEE","1.319","6.857","221"
"2020-10-27","A.S. FERROL","640","1.149","37"
"2020-10-27","A.S. LUGO, A MARIÑA E MONFORTE","749","3.261","92"
"2020-10-27","A.S. OURENSE, VERÍN E O BARCO","1.432","4.556","230"
"2020-10-27","A.S. PONTEVEDRA E O SALNÉS","817","2.363","29"
"2020-10-27","A.S. SANTIAGO E BARBANZA","1.210","4.221","137"
"2020-10-27","A.S. VIGO","1.560","3.656","143"
"2020-10-27","GALICIA","7.727","26.063","889"
"2020-10-28","A.S. A CORUÑA E CEE","1.409","6.902","221"
"2020-10-28","A.S. FERROL","695","1.158","38"
"2020-10-28","A.S. LUGO, A MARIÑA E MONFORTE","779","3.281","94"
"2020-10-28","A.S. OURENSE, VERÍN E O BARCO","1.407","4.632","232"
"2020-10-28","A.S. PONTEVEDRA E O SALNÉS","866","2.369","29"
"2020-10-28","A.S. SANTIAGO E BARBANZA","1.279","4.269","138"
"2020-10-28","A.S. VIGO","1.701","3.688","144"
"2020-10-28","GALICIA","8.136","26.299","896"
"2020-10-29","A.S. A CORUÑA E CEE","1.451","6.953","222"
"2020-10-29","A.S. FERROL","780","1.166","39"
"2020-10-29","A.S. LUGO, A MARIÑA E MONFORTE","816","3.308","96"
"2020-10-29","A.S. OURENSE, VERÍN E O BARCO","1.440","4.684","234"
"2020-10-29","A.S. PONTEVEDRA E O SALNÉS","915","2.388","29"
"2020-10-29","A.S. SANTIAGO E BARBANZA","1.343","4.313","139"
"2020-10-29","A.S. VIGO","1.790","3.738","148"
"2020-10-29","GALICIA","8.535","26.550","907"
"2020-10-30","A.S. A CORUÑA E CEE","1.527","7.041","224"
"2020-10-30","A.S. FERROL","831","1.182","41"
"2020-10-30","A.S. LUGO, A MARIÑA E MONFORTE","921","3.339","97"
"2020-10-30","A.S. OURENSE, VERÍN E O BARCO","1.403","4.767","238"
"2020-10-30","A.S. PONTEVEDRA E O SALNÉS","939","2.423","30"
"2020-10-30","A.S. SANTIAGO E BARBANZA","1.370","4.380","142"
"2020-10-30","A.S. VIGO","1.958","3.781","150"
"2020-10-30","GALICIA","8.949","26.913","922"
"2020-10-31","A.S. A CORUÑA E CEE","1.568","7.105","226"
"2020-10-31","A.S. FERROL","947","1.193","41"
"2020-10-31","A.S. LUGO, A MARIÑA E MONFORTE","1.000","3.357","99"
"2020-10-31","A.S. OURENSE, VERÍN E O BARCO","1.285","4.930","241"
"2020-10-31","A.S. PONTEVEDRA E O SALNÉS","1.045","2.460","31"
"2020-10-31","A.S. SANTIAGO E BARBANZA","1.384","4.449","142"
"2020-10-31","A.S. VIGO","2.073","3.853","154"
"2020-10-31","GALICIA","9.302","27.347","934"
"2020-11-01","A.S. A CORUÑA E CEE","1.622","7.175","229"
"2020-11-01","A.S. FERROL","989","1.216","41"
"2020-11-01","A.S. LUGO, A MARIÑA E MONFORTE","989","3.398","99"
"2020-11-01","A.S. OURENSE, VERÍN E O BARCO","1.316","4.979","243"
"2020-11-01","A.S. PONTEVEDRA E O SALNÉS","1.080","2.511","33"
"2020-11-01","A.S. SANTIAGO E BARBANZA","1.371","4.514","142"
"2020-11-01","A.S. VIGO","2.075","3.955","154"
"2020-11-01","GALICIA","9.442","27.748","941"
"2020-11-02","A.S. A CORUÑA E CEE","1.651","7.228","231"
"2020-11-02","A.S. FERROL","1.007","1.253","42"
"2020-11-02","A.S. LUGO, A MARIÑA E MONFORTE","971","3.446","100"
"2020-11-02","A.S. OURENSE, VERÍN E O BARCO","1.272","5.066","244"
"2020-11-02","A.S. PONTEVEDRA E O SALNÉS","1.089","2.557","33"
"2020-11-02","A.S. SANTIAGO E BARBANZA","1.356","4.584","144"
"2020-11-02","A.S. VIGO","2.160","4.002","154"
"2020-11-02","GALICIA","9.506","28.136","948"
"2020-11-03","A.S. A CORUÑA E CEE","1.691","7.284","234"
"2020-11-03","A.S. FERROL","1.046","1.268","44"
"2020-11-03","A.S. LUGO, A MARIÑA E MONFORTE","1.042","3.465","101"
"2020-11-03","A.S. OURENSE, VERÍN E O BARCO","1.219","5.160","245"
"2020-11-03","A.S. PONTEVEDRA E O SALNÉS","1.129","2.595","33"
"2020-11-03","A.S. SANTIAGO E BARBANZA","1.359","4.677","144"
"2020-11-03","A.S. VIGO","2.268","4.045","158"
"2020-11-03","GALICIA","9.754","28.494","959"
"2020-11-04","A.S. A CORUÑA E CEE","1.774","7.338","236"
"2020-11-04","A.S. FERROL","1.107","1.286","44"
"2020-11-04","A.S. LUGO, A MARIÑA E MONFORTE","1.062","3.510","101"
"2020-11-04","A.S. OURENSE, VERÍN E O BARCO","1.160","5.259","247"
"2020-11-04","A.S. PONTEVEDRA E O SALNÉS","1.168","2.647","33"
"2020-11-04","A.S. SANTIAGO E BARBANZA","1.337","4.768","147"
"2020-11-04","A.S. VIGO","2.394","4.185","160"
"2020-11-04","GALICIA","10.002","28.993","968"
"2020-11-05","A.S. A CORUÑA E CEE","1.866","7.405","236"
"2020-11-05","A.S. FERROL","1.134","1.316","45"
"2020-11-05","A.S. LUGO, A MARIÑA E MONFORTE","1.142","3.563","101"
"2020-11-05","A.S. OURENSE, VERÍN E O BARCO","1.136","5.349","251"
"2020-11-05","A.S. PONTEVEDRA E O SALNÉS","1.211","2.687","34"
"2020-11-05","A.S. SANTIAGO E BARBANZA","1.342","4.839","147"
"2020-11-05","A.S. VIGO","2.491","4.256","162"
"2020-11-05","GALICIA","10.322","29.415","976"
"2020-11-06","A.S. A CORUÑA E CEE","1.920","7.505","237"
"2020-11-06","A.S. FERROL","1.102","1.389","49"
"2020-11-06","A.S. LUGO, A MARIÑA E MONFORTE","1.174","3.610","102"
"2020-11-06","A.S. OURENSE, VERÍN E O BARCO","1.108","5.429","251"
"2020-11-06","A.S. PONTEVEDRA E O SALNÉS","1.238","2.728","35"
"2020-11-06","A.S. SANTIAGO E BARBANZA","1.298","4.963","149"
"2020-11-06","A.S. VIGO","2.528","4.375","163"
"2020-11-06","GALICIA","10.368","29.999","986"
"2020-11-07","A.S. A CORUÑA E CEE","1.885","7.650","238"
"2020-11-07","A.S. FERROL","1.080","1.446","51"
"2020-11-07","A.S. LUGO, A MARIÑA E MONFORTE","1.151","3.700","104"
"2020-11-07","A.S. OURENSE, VERÍN E O BARCO","1.087","5.500","254"
"2020-11-07","A.S. PONTEVEDRA E O SALNÉS","1.244","2.792","37"
"2020-11-07","A.S. SANTIAGO E BARBANZA","1.247","5.076","149"
"2020-11-07","A.S. VIGO","2.510","4.517","163"
"2020-11-07","GALICIA","10.204","30.681","996"
"2020-11-08","A.S. A CORUÑA E CEE","1.912","7.741","241"
"2020-11-08","A.S. FERROL","1.048","1.496","51"
"2020-11-08","A.S. LUGO, A MARIÑA E MONFORTE","1.140","3.767","105"
"2020-11-08","A.S. OURENSE, VERÍN E O BARCO","1.048","5.571","257"
"2020-11-08","A.S. PONTEVEDRA E O SALNÉS","1.266","2.831","39"
"2020-11-08","A.S. SANTIAGO E BARBANZA","1.222","5.147","150"
"2020-11-08","A.S. VIGO","2.483","4.598","167"
"2020-11-08","GALICIA","10.119","31.151","1.010"
"2020-11-09","A.S. A CORUÑA E CEE","1.946","7.799","243"
"2020-11-09","A.S. FERROL","1.021","1.548","53"
"2020-11-09","A.S. LUGO, A MARIÑA E MONFORTE","1.154","3.789","107"
"2020-11-09","A.S. OURENSE, VERÍN E O BARCO","969","5.684","260"
"2020-11-09","A.S. PONTEVEDRA E O SALNÉS","1.256","2.881","39"
"2020-11-09","A.S. SANTIAGO E BARBANZA","1.187","5.229","150"
"2020-11-09","A.S. VIGO","2.497","4.735","169"
"2020-11-09","GALICIA","10.030","31.665","1.021"
"2020-11-10","A.S. A CORUÑA E CEE","1.870","7.957","246"
"2020-11-10","A.S. FERROL","983","1.612","54"
"2020-11-10","A.S. LUGO, A MARIÑA E MONFORTE","1.100","3.893","108"
"2020-11-10","A.S. OURENSE, VERÍN E O BARCO","921","5.774","262"
"2020-11-10","A.S. PONTEVEDRA E O SALNÉS","1.270","2.933","40"
"2020-11-10","A.S. SANTIAGO E BARBANZA","1.202","5.286","152"
"2020-11-10","A.S. VIGO","2.459","4.870","169"
"2020-11-10","GALICIA","9.805","32.325","1.031"
"2020-11-11","A.S. A CORUÑA E CEE","1.872","8.076","248"
"2020-11-11","A.S. FERROL","953","1.680","55"
"2020-11-11","A.S. LUGO, A MARIÑA E MONFORTE","1.077","3.970","108"
"2020-11-11","A.S. OURENSE, VERÍN E O BARCO","892","5.846","264"
"2020-11-11","A.S. PONTEVEDRA E O SALNÉS","1.249","3.009","41"
"2020-11-11","A.S. SANTIAGO E BARBANZA","1.169","5.388","155"
"2020-11-11","A.S. VIGO","2.445","5.044","176"
"2020-11-11","GALICIA","9.657","33.013","1.047"
"2020-11-12","A.S. A CORUÑA E CEE","1.863","8.210","252"
"2020-11-12","A.S. FERROL","931","1.744","56"
"2020-11-12","A.S. LUGO, A MARIÑA E MONFORTE","1.066","4.023","109"
"2020-11-12","A.S. OURENSE, VERÍN E O BARCO","891","5.892","264"
"2020-11-12","A.S. PONTEVEDRA E O SALNÉS","1.282","3.053","42"
"2020-11-12","A.S. SANTIAGO E BARBANZA","1.133","5.504","156"
"2020-11-12","A.S. VIGO","2.486","5.262","180"
"2020-11-12","GALICIA","9.652","33.688","1.059"
"2020-11-13","A.S. A CORUÑA E CEE","1.867","8.312","253"
"2020-11-13","A.S. FERROL","879","1.834","58"
"2020-11-13","A.S. LUGO, A MARIÑA E MONFORTE","1.140","4.084","110"
"2020-11-13","A.S. OURENSE, VERÍN E O BARCO","859","5.962","267"
"2020-11-13","A.S. PONTEVEDRA E O SALNÉS","1.301","3.110","42"
"2020-11-13","A.S. SANTIAGO E BARBANZA","1.103","5.603","157"
"2020-11-13","A.S. VIGO","2.533","5.399","180"
"2020-11-13","GALICIA","9.682","34.304","1.067"
"2020-11-14","A.S. A CORUÑA E CEE","1.828","8.437","253"
"2020-11-14","A.S. FERROL","845","1.884","61"
"2020-11-14","A.S. LUGO, A MARIÑA E MONFORTE","1.076","4.196","110"
"2020-11-14","A.S. OURENSE, VERÍN E O BARCO","831","6.034","270"
"2020-11-14","A.S. PONTEVEDRA E O SALNÉS","1.274","3.171","43"
"2020-11-14","A.S. SANTIAGO E BARBANZA","1.039","5.708","158"
"2020-11-14","A.S. VIGO","2.445","5.615","184"
"2020-11-14","GALICIA","9.338","35.045","1.079"
"2020-11-15","A.S. A CORUÑA E CEE","1.861","8.524","253"
"2020-11-15","A.S. FERROL","804","1.965","62"
"2020-11-15","A.S. LUGO, A MARIÑA E MONFORTE","1.062","4.283","112"
"2020-11-15","A.S. OURENSE, VERÍN E O BARCO","824","6.069","271"
"2020-11-15","A.S. PONTEVEDRA E O SALNÉS","1.256","3.259","43"
"2020-11-15","A.S. SANTIAGO E BARBANZA","1.036","5.772","158"
"2020-11-15","A.S. VIGO","2.388","5.778","185"
"2020-11-15","GALICIA","9.231","35.650","1.084"
"2020-11-16","A.S. A CORUÑA E CEE","1.875","8.607","253"
"2020-11-16","A.S. FERROL","788","2.012","62"
"2020-11-16","A.S. LUGO, A MARIÑA E MONFORTE","1.110","4.309","114"
"2020-11-16","A.S. OURENSE, VERÍN E O BARCO","790","6.130","272"
"2020-11-16","A.S. PONTEVEDRA E O SALNÉS","1.235","3.341","43"
"2020-11-16","A.S. SANTIAGO E BARBANZA","1.028","5.833","158"
"2020-11-16","A.S. VIGO","2.360","5.888","186"
"2020-11-16","GALICIA","9.186","36.120","1.088"
"2020-11-17","A.S. A CORUÑA E CEE","1.913","8.689","258"
"2020-11-17","A.S. FERROL","749","2.066","62"
"2020-11-17","A.S. LUGO, A MARIÑA E MONFORTE","1.117","4.352","115"
"2020-11-17","A.S. OURENSE, VERÍN E O BARCO","755","6.193","274"
"2020-11-17","A.S. PONTEVEDRA E O SALNÉS","1.262","3.389","44"
"2020-11-17","A.S. SANTIAGO E BARBANZA","1.012","5.922","158"
"2020-11-17","A.S. VIGO","2.383","6.028","191"
"2020-11-17","GALICIA","9.191","36.639","1.102"
"2020-11-18","A.S. A CORUÑA E CEE","1.934","8.795","258"
"2020-11-18","A.S. FERROL","729","2.120","64"
"2020-11-18","A.S. LUGO, A MARIÑA E MONFORTE","1.081","4.430","115"
"2020-11-18","A.S. OURENSE, VERÍN E O BARCO","737","6.261","278"
"2020-11-18","A.S. PONTEVEDRA E O SALNÉS","1.261","3.462","45"
"2020-11-18","A.S. SANTIAGO E BARBANZA","1.006","6.001","160"
"2020-11-18","A.S. VIGO","2.459","6.189","196"
"2020-11-18","GALICIA","9.207","37.258","1.116"
"2020-11-19","A.S. A CORUÑA E CEE","1.916","8.927","259"
"2020-11-19","A.S. FERROL","698","2.199","65"
"2020-11-19","A.S. LUGO, A MARIÑA E MONFORTE","1.212","4.477","117"
"2020-11-19","A.S. OURENSE, VERÍN E O BARCO","724","6.315","280"
"2020-11-19","A.S. PONTEVEDRA E O SALNÉS","1.247","3.561","47"
"2020-11-19","A.S. SANTIAGO E BARBANZA","1.027","6.067","160"
"2020-11-19","A.S. VIGO","2.402","6.397","200"
"2020-11-19","GALICIA","9.226","37.943","1.128"
"2020-11-20","A.S. A CORUÑA E CEE","1.895","9.044","264"
"2020-11-20","A.S. FERROL","682","2.248","66"
"2020-11-20","A.S. LUGO, A MARIÑA E MONFORTE","1.170","4.587","118"
"2020-11-20","A.S. OURENSE, VERÍN E O BARCO","693","6.385","284"
"2020-11-20","A.S. PONTEVEDRA E O SALNÉS","1.249","3.640","48"
"2020-11-20","A.S. SANTIAGO E BARBANZA","1.010","6.150","160"
"2020-11-20","A.S. VIGO","2.381","6.567","203"
"2020-11-20","GALICIA","9.080","38.621","1.143"
"2020-11-21","A.S. A CORUÑA E CEE","1.851","9.180","265"
"2020-11-21","A.S. FERROL","691","2.292","67"
"2020-11-21","A.S. LUGO, A MARIÑA E MONFORTE","1.136","4.663","118"
"2020-11-21","A.S. OURENSE, VERÍN E O BARCO","670","6.435","285"
"2020-11-21","A.S. PONTEVEDRA E O SALNÉS","1.265","3.698","50"
"2020-11-21","A.S. SANTIAGO E BARBANZA","974","6.229","163"
"2020-11-21","A.S. VIGO","2.330","6.700","203"
"2020-11-21","GALICIA","8.917","39.197","1.151"
"2020-11-22","A.S. A CORUÑA E CEE","1.816","9.293","269"
"2020-11-22","A.S. FERROL","697","2.322","68"
"2020-11-22","A.S. LUGO, A MARIÑA E MONFORTE","1.141","4.721","118"
"2020-11-22","A.S. OURENSE, VERÍN E O BARCO","637","6.479","288"
"2020-11-22","A.S. PONTEVEDRA E O SALNÉS","1.253","3.779","51"
"2020-11-22","A.S. SANTIAGO E BARBANZA","973","6.287","163"
"2020-11-22","A.S. VIGO","2.245","6.833","208"
"2020-11-22","GALICIA","8.762","39.714","1.165"
"2020-11-23","A.S. A CORUÑA E CEE","1.797","9.390","273"
"2020-11-23","A.S. FERROL","696","2.339","68"
"2020-11-23","A.S. LUGO, A MARIÑA E MONFORTE","1.127","4.774","118"
"2020-11-23","A.S. OURENSE, VERÍN E O BARCO","634","6.507","289"
"2020-11-23","A.S. PONTEVEDRA E O SALNÉS","1.240","3.851","51"
"2020-11-23","A.S. SANTIAGO E BARBANZA","972","6.334","165"
"2020-11-23","A.S. VIGO","2.286","6.908","212"
"2020-11-23","GALICIA","8.752","40.103","1.176"
"2020-11-24","A.S. A CORUÑA E CEE","1.784","9.488","275"
"2020-11-24","A.S. FERROL","694","2.364","68"
"2020-11-24","A.S. LUGO, A MARIÑA E MONFORTE","1.115","4.816","121"
"2020-11-24","A.S. OURENSE, VERÍN E O BARCO","625","6.553","290"
"2020-11-24","A.S. PONTEVEDRA E O SALNÉS","1.224","3.911","51"
"2020-11-24","A.S. SANTIAGO E BARBANZA","953","6.391","166"
"2020-11-24","A.S. VIGO","2.297","7.060","212"
"2020-11-24","GALICIA","8.692","40.583","1.183"
"2020-11-25","A.S. A CORUÑA E CEE","1.738","9.614","275"
"2020-11-25","A.S. FERROL","711","2.392","68"
"2020-11-25","A.S. LUGO, A MARIÑA E MONFORTE","1.092","4.881","123"
"2020-11-25","A.S. OURENSE, VERÍN E O BARCO","559","6.631","290"
"2020-11-25","A.S. PONTEVEDRA E O SALNÉS","1.220","3.977","51"
"2020-11-25","A.S. SANTIAGO E BARBANZA","942","6.464","167"
"2020-11-25","A.S. VIGO","2.324","7.150","212"
"2020-11-25","GALICIA","8.586","41.109","1.186"
"2020-11-26","A.S. A CORUÑA E CEE","1.741","9.729","277"
"2020-11-26","A.S. FERROL","722","2.433","71"
"2020-11-26","A.S. LUGO, A MARIÑA E MONFORTE","1.064","4.946","123"
"2020-11-26","A.S. OURENSE, VERÍN E O BARCO","543","6.666","290"
"2020-11-26","A.S. PONTEVEDRA E O SALNÉS","1.205","4.040","52"
"2020-11-26","A.S. SANTIAGO E BARBANZA","937","6.534","168"
"2020-11-26","A.S. VIGO","2.269","7.308","216"
"2020-11-26","GALICIA","8.481","41.656","1.197"
"2020-11-27","A.S. A CORUÑA E CEE","1.712","9.821","279"
"2020-11-27","A.S. FERROL","717","2.466","72"
"2020-11-27","A.S. LUGO, A MARIÑA E MONFORTE","1.069","5.010","124"
"2020-11-27","A.S. OURENSE, VERÍN E O BARCO","511","6.716","290"
"2020-11-27","A.S. PONTEVEDRA E O SALNÉS","1.174","4.131","53"
"2020-11-27","A.S. SANTIAGO E BARBANZA","892","6.621","168"
"2020-11-27","A.S. VIGO","2.177","7.489","221"
"2020-11-27","GALICIA","8.252","42.254","1.207"
"2020-11-28","A.S. A CORUÑA E CEE","1.690","9.916","281"
"2020-11-28","A.S. FERROL","699","2.501","74"
"2020-11-28","A.S. LUGO, A MARIÑA E MONFORTE","975","5.136","125"
"2020-11-28","A.S. OURENSE, VERÍN E O BARCO","474","6.761","291"
"2020-11-28","A.S. PONTEVEDRA E O SALNÉS","1.145","4.216","53"
"2020-11-28","A.S. SANTIAGO E BARBANZA","863","6.691","168"
"2020-11-28","A.S. VIGO","2.098","7.656","222"
"2020-11-28","GALICIA","7.944","42.877","1.214"
"2020-11-29","A.S. A CORUÑA E CEE","1.663","9.993","283"
"2020-11-29","A.S. FERROL","701","2.514","74"
"2020-11-29","A.S. LUGO, A MARIÑA E MONFORTE","971","5.172","125"
"2020-11-29","A.S. OURENSE, VERÍN E O BARCO","463","6.788","293"
"2020-11-29","A.S. PONTEVEDRA E O SALNÉS","1.182","4.254","55"
"2020-11-29","A.S. SANTIAGO E BARBANZA","854","6.726","168"
"2020-11-29","A.S. VIGO","2.016","7.767","228"
"2020-11-29","GALICIA","7.850","43.214","1.226"
"2020-11-30","A.S. A CORUÑA E CEE","1.615","10.096","286"
"2020-11-30","A.S. FERROL","689","2.544","75"
"2020-11-30","A.S. LUGO, A MARIÑA E MONFORTE","944","5.231","128"
"2020-11-30","A.S. OURENSE, VERÍN E O BARCO","455","6.812","293"
"2020-11-30","A.S. PONTEVEDRA E O SALNÉS","1.145","4.321","55"
"2020-11-30","A.S. SANTIAGO E BARBANZA","840","6.786","168"
"2020-11-30","A.S. VIGO","1.989","7.886","229"
"2020-11-30","GALICIA","7.677","43.676","1.234"
"2020-12-01","A.S. A CORUÑA E CEE","1.585","10.185","288"
"2020-12-01","A.S. FERROL","684","2.581","75"
"2020-12-01","A.S. LUGO, A MARIÑA E MONFORTE","923","5.294","128"
"2020-12-01","A.S. OURENSE, VERÍN E O BARCO","445","6.839","294"
"2020-12-01","A.S. PONTEVEDRA E O SALNÉS","1.130","4.377","56"
"2020-12-01","A.S. SANTIAGO E BARBANZA","848","6.845","168"
"2020-12-01","A.S. VIGO","1.999","7.992","231"
"2020-12-01","GALICIA","7.614","44.113","1.240"
"2020-12-02","A.S. A CORUÑA E CEE","1.553","10.290","289"
"2020-12-02","A.S. FERROL","652","2.623","77"
"2020-12-02","A.S. LUGO, A MARIÑA E MONFORTE","900","5.351","129"
"2020-12-02","A.S. OURENSE, VERÍN E O BARCO","457","6.870","294"
"2020-12-02","A.S. PONTEVEDRA E O SALNÉS","1.106","4.434","58"
"2020-12-02","A.S. SANTIAGO E BARBANZA","829","6.920","168"
"2020-12-02","A.S. VIGO","2.008","8.089","231"
"2020-12-02","GALICIA","7.505","44.577","1.246"
"2020-12-03","A.S. A CORUÑA E CEE","1.495","10.409","291"
"2020-12-03","A.S. FERROL","629","2.672","78"
"2020-12-03","A.S. LUGO, A MARIÑA E MONFORTE","864","5.410","132"
"2020-12-03","A.S. OURENSE, VERÍN E O BARCO","438","6.909","295"
"2020-12-03","A.S. PONTEVEDRA E O SALNÉS","1.064","4.502","59"
"2020-12-03","A.S. SANTIAGO E BARBANZA","823","6.992","170"
"2020-12-03","A.S. VIGO","1.920","8.296","234"
"2020-12-03","GALICIA","7.233","45.190","1.259"
"2020-12-04","A.S. A CORUÑA E CEE","1.430","10.527","291"
"2020-12-04","A.S. FERROL","606","2.725","79"
"2020-12-04","A.S. LUGO, A MARIÑA E MONFORTE","855","5.473","132"
"2020-12-04","A.S. OURENSE, VERÍN E O BARCO","425","6.943","296"
"2020-12-04","A.S. PONTEVEDRA E O SALNÉS","1.027","4.584","60"
"2020-12-04","A.S. SANTIAGO E BARBANZA","817","7.062","170"
"2020-12-04","A.S. VIGO","1.848","8.427","237"
"2020-12-04","GALICIA","7.008","45.741","1.265"
"2020-12-05","A.S. A CORUÑA E CEE","1.387","10.618","291"
"2020-12-05","A.S. FERROL","615","2.756","79"
"2020-12-05","A.S. LUGO, A MARIÑA E MONFORTE","795","5.548","135"
"2020-12-05","A.S. OURENSE, VERÍN E O BARCO","409","6.980","297"
"2020-12-05","A.S. PONTEVEDRA E O SALNÉS","998","4.652","61"
"2020-12-05","A.S. SANTIAGO E BARBANZA","798","7.135","170"
"2020-12-05","A.S. VIGO","1.806","8.553","242"
"2020-12-05","GALICIA","6.808","46.242","1.275"
"2020-12-06","A.S. A CORUÑA E CEE","1.354","10.689","292"
"2020-12-06","A.S. FERROL","590","2.805","79"
"2020-12-06","A.S. LUGO, A MARIÑA E MONFORTE","778","5.589","136"
"2020-12-06","A.S. OURENSE, VERÍN E O BARCO","407","7.002","297"
"2020-12-06","A.S. PONTEVEDRA E O SALNÉS","981","4.704","62"
"2020-12-06","A.S. SANTIAGO E BARBANZA","814","7.169","170"
"2020-12-06","A.S. VIGO","1.788","8.621","243"
"2020-12-06","GALICIA","6.712","46.579","1.279"
"2020-12-07","A.S. A CORUÑA E CEE","1.244","10.837","293"
"2020-12-07","A.S. FERROL","573","2.837","80"
"2020-12-07","A.S. LUGO, A MARIÑA E MONFORTE","641","5.755","137"
"2020-12-07","A.S. OURENSE, VERÍN E O BARCO","374","7.053","298"
"2020-12-07","A.S. PONTEVEDRA E O SALNÉS","905","4.819","62"
"2020-12-07","A.S. SANTIAGO E BARBANZA","786","7.250","171"
"2020-12-07","A.S. VIGO","1.524","8.952","246"
"2020-12-07","GALICIA","6.047","47.503","1.287"
"2020-12-08","A.S. A CORUÑA E CEE","1.203","10.935","293"
"2020-12-08","A.S. FERROL","616","2.847","81"
"2020-12-08","A.S. LUGO, A MARIÑA E MONFORTE","618","5.796","138"
"2020-12-08","A.S. OURENSE, VERÍN E O BARCO","382","7.083","299"
"2020-12-08","A.S. PONTEVEDRA E O SALNÉS","883","4.894","67"
"2020-12-08","A.S. SANTIAGO E BARBANZA","801","7.295","172"
"2020-12-08","A.S. VIGO","1.522","9.030","246"
"2020-12-08","GALICIA","6.025","47.880","1.296"
"2020-12-09","A.S. A CORUÑA E CEE","1.152","11.019","293"
"2020-12-09","A.S. FERROL","597","2.874","81"
"2020-12-09","A.S. LUGO, A MARIÑA E MONFORTE","596","5.830","139"
"2020-12-09","A.S. OURENSE, VERÍN E O BARCO","372","7.124","301"
"2020-12-09","A.S. PONTEVEDRA E O SALNÉS","864","4.944","69"
"2020-12-09","A.S. SANTIAGO E BARBANZA","826","7.342","173"
"2020-12-09","A.S. VIGO","1.438","9.170","247"
"2020-12-09","GALICIA","5.845","48.303","1.303"
"2020-12-10","A.S. A CORUÑA E CEE","1.101","11.111","295"
"2020-12-10","A.S. FERROL","582","2.919","81"
"2020-12-10","A.S. LUGO, A MARIÑA E MONFORTE","580","5.876","140"
"2020-12-10","A.S. OURENSE, VERÍN E O BARCO","391","7.140","301"
"2020-12-10","A.S. PONTEVEDRA E O SALNÉS","869","4.996","69"
"2020-12-10","A.S. SANTIAGO E BARBANZA","842","7.396","174"
"2020-12-10","A.S. VIGO","1.399","9.335","250"
"2020-12-10","GALICIA","5.764","48.773","1.310"
"2020-12-11","A.S. A CORUÑA E CEE","1.033","11.229","297"
"2020-12-11","A.S. FERROL","565","2.977","82"
"2020-12-11","A.S. LUGO, A MARIÑA E MONFORTE","560","5.922","140"
"2020-12-11","A.S. OURENSE, VERÍN E O BARCO","414","7.153","302"
"2020-12-11","A.S. PONTEVEDRA E O SALNÉS","866","5.049","70"
"2020-12-11","A.S. SANTIAGO E BARBANZA","874","7.461","174"
"2020-12-11","A.S. VIGO","1.330","9.452","252"
"2020-12-11","GALICIA","5.642","49.243","1.317"
"2020-12-12","A.S. A CORUÑA E CEE","1.019","11.295","298"
"2020-12-12","A.S. FERROL","556","3.013","84"
"2020-12-12","A.S. LUGO, A MARIÑA E MONFORTE","508","5.991","140"
"2020-12-12","A.S. OURENSE, VERÍN E O BARCO","437","7.178","303"
"2020-12-12","A.S. PONTEVEDRA E O SALNÉS","864","5.115","71"
"2020-12-12","A.S. SANTIAGO E BARBANZA","913","7.508","174"
"2020-12-12","A.S. VIGO","1.340","9.531","252"
"2020-12-12","GALICIA","5.637","49.631","1.322"
"2020-12-13","A.S. A CORUÑA E CEE","957","11.394","300"
"2020-12-13","A.S. FERROL","567","3.031","84"
"2020-12-13","A.S. LUGO, A MARIÑA E MONFORTE","492","6.023","141"
"2020-12-13","A.S. OURENSE, VERÍN E O BARCO","451","7.192","304"
"2020-12-13","A.S. PONTEVEDRA E O SALNÉS","864","5.171","71"
"2020-12-13","A.S. SANTIAGO E BARBANZA","966","7.545","174"
"2020-12-13","A.S. VIGO","1.328","9.596","255"
"2020-12-13","GALICIA","5.625","49.952","1.329"
"2020-12-14","A.S. A CORUÑA E CEE","927","11.452","300"
"2020-12-14","A.S. FERROL","568","3.052","84"
"2020-12-14","A.S. LUGO, A MARIÑA E MONFORTE","476","6.052","141"
"2020-12-14","A.S. OURENSE, VERÍN E O BARCO","439","7.218","304"
"2020-12-14","A.S. PONTEVEDRA E O SALNÉS","883","5.233","71"
"2020-12-14","A.S. SANTIAGO E BARBANZA","1.015","7.573","175"
"2020-12-14","A.S. VIGO","1.349","9.621","257"
"2020-12-14","GALICIA","5.657","50.201","1.332"
"2020-12-15","A.S. A CORUÑA E CEE","929","11.507","303"
"2020-12-15","A.S. FERROL","574","3.080","84"
"2020-12-15","A.S. LUGO, A MARIÑA E MONFORTE","465","6.092","141"
"2020-12-15","A.S. OURENSE, VERÍN E O BARCO","462","7.236","304"
"2020-12-15","A.S. PONTEVEDRA E O SALNÉS","872","5.276","72"
"2020-12-15","A.S. SANTIAGO E BARBANZA","1.062","7.637","175"
"2020-12-15","A.S. VIGO","1.358","9.732","258"
"2020-12-15","GALICIA","5.722","50.560","1.337"
"2020-12-16","A.S. A CORUÑA E CEE","903","11.575","305"
"2020-12-16","A.S. FERROL","564","3.109","84"
"2020-12-16","A.S. LUGO, A MARIÑA E MONFORTE","439","6.146","141"
"2020-12-16","A.S. OURENSE, VERÍN E O BARCO","469","7.270","305"
"2020-12-16","A.S. PONTEVEDRA E O SALNÉS","889","5.338","72"
"2020-12-16","A.S. SANTIAGO E BARBANZA","1.121","7.706","176"
"2020-12-16","A.S. VIGO","1.331","9.861","258"
"2020-12-16","GALICIA","5.716","51.005","1.341"
"2020-12-17","A.S. A CORUÑA E CEE","897","11.655","305"
"2020-12-17","A.S. FERROL","559","3.136","84"
"2020-12-17","A.S. LUGO, A MARIÑA E MONFORTE","418","6.186","141"
"2020-12-17","A.S. OURENSE, VERÍN E O BARCO","482","7.298","307"
"2020-12-17","A.S. PONTEVEDRA E O SALNÉS","912","5.379","72"
"2020-12-17","A.S. SANTIAGO E BARBANZA","1.169","7.762","176"
"2020-12-17","A.S. VIGO","1.311","9.961","260"
"2020-12-17","GALICIA","5.748","51.377","1.345"
"2020-12-18","A.S. A CORUÑA E CEE","912","11.719","305"
"2020-12-18","A.S. FERROL","537","3.168","84"
"2020-12-18","A.S. LUGO, A MARIÑA E MONFORTE","404","6.224","141"
"2020-12-18","A.S. OURENSE, VERÍN E O BARCO","482","7.324","307"
"2020-12-18","A.S. PONTEVEDRA E O SALNÉS","950","5.415","74"
"2020-12-18","A.S. SANTIAGO E BARBANZA","1.222","7.817","176"
"2020-12-18","A.S. VIGO","1.264","10.099","260"
"2020-12-18","GALICIA","5.771","51.766","1.347"
"2020-12-19","A.S. A CORUÑA E CEE","905","11.776","305"
"2020-12-19","A.S. FERROL","489","3.227","84"
"2020-12-19","A.S. LUGO, A MARIÑA E MONFORTE","381","6.278","141"
"2020-12-19","A.S. OURENSE, VERÍN E O BARCO","481","7.342","307"
"2020-12-19","A.S. PONTEVEDRA E O SALNÉS","946","5.459","76"
"2020-12-19","A.S. SANTIAGO E BARBANZA","1.227","7.872","176"
"2020-12-19","A.S. VIGO","1.263","10.175","260"
"2020-12-19","GALICIA","5.692","52.129","1.349"
"2020-12-20","A.S. A CORUÑA E CEE","893","11.827","305"
"2020-12-20","A.S. FERROL","466","3.266","85"
"2020-12-20","A.S. LUGO, A MARIÑA E MONFORTE","378","6.298","143"
"2020-12-20","A.S. OURENSE, VERÍN E O BARCO","505","7.364","308"
"2020-12-20","A.S. PONTEVEDRA E O SALNÉS","930","5.500","76"
"2020-12-20","A.S. SANTIAGO E BARBANZA","1.247","7.915","177"
"2020-12-20","A.S. VIGO","1.261","10.238","261"
"2020-12-20","GALICIA","5.680","52.408","1.355"
"2020-12-21","A.S. A CORUÑA E CEE","872","11.867","305"
"2020-12-21","A.S. FERROL","443","3.299","85"
"2020-12-21","A.S. LUGO, A MARIÑA E MONFORTE","361","6.325","144"
"2020-12-21","A.S. OURENSE, VERÍN E O BARCO","523","7.387","308"
"2020-12-21","A.S. PONTEVEDRA E O SALNÉS","928","5.541","76"
"2020-12-21","A.S. SANTIAGO E BARBANZA","1.254","7.960","179"
"2020-12-21","A.S. VIGO","1.252","10.309","261"
"2020-12-21","GALICIA","5.633","52.688","1.358"
"2020-12-22","A.S. A CORUÑA E CEE","886","11.916","305"
"2020-12-22","A.S. FERROL","429","3.328","85"
"2020-12-22","A.S. LUGO, A MARIÑA E MONFORTE","357","6.354","144"
"2020-12-22","A.S. OURENSE, VERÍN E O BARCO","521","7.426","308"
"2020-12-22","A.S. PONTEVEDRA E O SALNÉS","935","5.586","76"
"2020-12-22","A.S. SANTIAGO E BARBANZA","1.286","8.016","179"
"2020-12-22","A.S. VIGO","1.230","10.406","263"
"2020-12-22","GALICIA","5.644","53.032","1.360"
"2020-12-23","A.S. A CORUÑA E CEE","895","11.985","306"
"2020-12-23","A.S. FERROL","399","3.375","85"
"2020-12-23","A.S. LUGO, A MARIÑA E MONFORTE","377","6.374","144"
"2020-12-23","A.S. OURENSE, VERÍN E O BARCO","541","7.452","309"
"2020-12-23","A.S. PONTEVEDRA E O SALNÉS","925","5.657","76"
"2020-12-23","A.S. SANTIAGO E BARBANZA","1.343","8.075","179"
"2020-12-23","A.S. VIGO","1.273","10.480","265"
"2020-12-23","GALICIA","5.753","53.398","1.364"
"2020-12-24","A.S. A CORUÑA E CEE","916","12.027","307"
"2020-12-24","A.S. FERROL","403","3.393","86"
"2020-12-24","A.S. LUGO, A MARIÑA E MONFORTE","393","6.389","144"
"2020-12-24","A.S. OURENSE, VERÍN E O BARCO","572","7.484","309"
"2020-12-24","A.S. PONTEVEDRA E O SALNÉS","944","5.694","77"
"2020-12-24","A.S. SANTIAGO E BARBANZA","1.331","8.147","182"
"2020-12-24","A.S. VIGO","1.320","10.521","266"
"2020-12-24","GALICIA","5.879","53.655","1.371"
"2020-12-25","A.S. A CORUÑA E CEE","915","12.080","308"
"2020-12-25","A.S. FERROL","386","3.420","88"
"2020-12-25","A.S. LUGO, A MARIÑA E MONFORTE","382","6.427","144"
"2020-12-25","A.S. OURENSE, VERÍN E O BARCO","562","7.512","309"
"2020-12-25","A.S. PONTEVEDRA E O SALNÉS","925","5.750","77"
"2020-12-25","A.S. SANTIAGO E BARBANZA","1.373","8.213","183"
"2020-12-25","A.S. VIGO","1.249","10.656","267"
"2020-12-25","GALICIA","5.792","54.058","1.376"
"2020-12-26","A.S. A CORUÑA E CEE","876","12.148","309"
"2020-12-26","A.S. FERROL","357","3.462","88"
"2020-12-26","A.S. LUGO, A MARIÑA E MONFORTE","401","6.445","145"
"2020-12-26","A.S. OURENSE, VERÍN E O BARCO","547","7.544","309"
"2020-12-26","A.S. PONTEVEDRA E O SALNÉS","910","5.807","77"
"2020-12-26","A.S. SANTIAGO E BARBANZA","1.368","8.294","187"
"2020-12-26","A.S. VIGO","1.249","10.704","268"
"2020-12-26","GALICIA","5.708","54.404","1.383"
"2020-12-27","A.S. A CORUÑA E CEE","883","12.205","310"
"2020-12-27","A.S. FERROL","351","3.489","88"
"2020-12-27","A.S. LUGO, A MARIÑA E MONFORTE","395","6.466","145"
"2020-12-27","A.S. OURENSE, VERÍN E O BARCO","534","7.582","309"
"2020-12-27","A.S. PONTEVEDRA E O SALNÉS","888","5.874","77"
"2020-12-27","A.S. SANTIAGO E BARBANZA","1.362","8.371","188"
"2020-12-27","A.S. VIGO","1.211","10.796","269"
"2020-12-27","GALICIA","5.624","54.783","1.386"
"2020-12-28","A.S. A CORUÑA E CEE","942","12.240","311"
"2020-12-28","A.S. FERROL","342","3.519","89"
"2020-12-28","A.S. LUGO, A MARIÑA E MONFORTE","400","6.480","145"
"2020-12-28","A.S. OURENSE, VERÍN E O BARCO","544","7.608","309"
"2020-12-28","A.S. PONTEVEDRA E O SALNÉS","868","5.925","77"
"2020-12-28","A.S. SANTIAGO E BARBANZA","1.372","8.456","190"
"2020-12-28","A.S. VIGO","1.194","10.871","273"
"2020-12-28","GALICIA","5.662","55.099","1.394"
"2020-12-29","A.S. A CORUÑA E CEE","983","12.283","311"
"2020-12-29","A.S. FERROL","332","3.543","89"
"2020-12-29","A.S. LUGO, A MARIÑA E MONFORTE","436","6.498","145"
"2020-12-29","A.S. OURENSE, VERÍN E O BARCO","555","7.638","309"
"2020-12-29","A.S. PONTEVEDRA E O SALNÉS","829","6.009","78"
"2020-12-29","A.S. SANTIAGO E BARBANZA","1.401","8.545","190"
"2020-12-29","A.S. VIGO","1.181","10.960","275"
"2020-12-29","GALICIA","5.717","55.476","1.397"
"2020-12-30","A.S. A CORUÑA E CEE","1.054","12.354","313"
"2020-12-30","A.S. FERROL","319","3.581","90"
"2020-12-30","A.S. LUGO, A MARIÑA E MONFORTE","447","6.532","145"
"2020-12-30","A.S. OURENSE, VERÍN E O BARCO","601","7.680","309"
"2020-12-30","A.S. PONTEVEDRA E O SALNÉS","838","6.038","80"
"2020-12-30","A.S. SANTIAGO E BARBANZA","1.389","8.659","192"
"2020-12-30","A.S. VIGO","1.184","11.077","276"
"2020-12-30","GALICIA","5.832","55.921","1.405"
"2020-12-31","A.S. A CORUÑA E CEE","1.130","12.394","314"
"2020-12-31","A.S. FERROL","321","3.610","90"
"2020-12-31","A.S. LUGO, A MARIÑA E MONFORTE","474","6.559","145"
"2020-12-31","A.S. OURENSE, VERÍN E O BARCO","608","7.717","310"
"2020-12-31","A.S. PONTEVEDRA E O SALNÉS","808","6.117","81"
"2020-12-31","A.S. SANTIAGO E BARBANZA","1.389","8.784","194"
"2020-12-31","A.S. VIGO","1.211","11.164","277"
"2020-12-31","GALICIA","5.941","56.345","1.411"
"2021-01-01","A.S. A CORUÑA E CEE","1.146","12.447","314"
"2021-01-01","A.S. FERROL","320","3.629","90"
"2021-01-01","A.S. LUGO, A MARIÑA E MONFORTE","491","6.582","145"
"2021-01-01","A.S. OURENSE, VERÍN E O BARCO","600","7.754","310"
"2021-01-01","A.S. PONTEVEDRA E O SALNÉS","797","6.181","82"
"2021-01-01","A.S. SANTIAGO E BARBANZA","1.378","8.890","196"
"2021-01-01","A.S. VIGO","1.234","11.236","277"
"2021-01-01","GALICIA","5.966","56.719","1.414"
"2021-01-02","A.S. A CORUÑA E CEE","1.153","12.517","315"
"2021-01-02","A.S. FERROL","328","3.654","90"
"2021-01-02","A.S. LUGO, A MARIÑA E MONFORTE","516","6.608","145"
"2021-01-02","A.S. OURENSE, VERÍN E O BARCO","624","7.774","310"
"2021-01-02","A.S. PONTEVEDRA E O SALNÉS","735","6.267","83"
"2021-01-02","A.S. SANTIAGO E BARBANZA","1.341","8.978","199"
"2021-01-02","A.S. VIGO","1.179","11.320","277"
"2021-01-02","GALICIA","5.876","57.118","1.419"
"2021-01-03","A.S. A CORUÑA E CEE","1.190","12.581","319"
"2021-01-03","A.S. FERROL","354","3.661","90"
"2021-01-03","A.S. LUGO, A MARIÑA E MONFORTE","518","6.640","145"
"2021-01-03","A.S. OURENSE, VERÍN E O BARCO","686","7.798","311"
"2021-01-03","A.S. PONTEVEDRA E O SALNÉS","745","6.307","83"
"2021-01-03","A.S. SANTIAGO E BARBANZA","1.346","9.034","200"
"2021-01-03","A.S. VIGO","1.150","11.391","277"
"2021-01-03","GALICIA","5.989","57.412","1.425"
"2021-01-04","A.S. A CORUÑA E CEE","1.271","12.615","323"
"2021-01-04","A.S. FERROL","360","3.680","91"
"2021-01-04","A.S. LUGO, A MARIÑA E MONFORTE","546","6.662","145"
"2021-01-04","A.S. OURENSE, VERÍN E O BARCO","707","7.838","311"
"2021-01-04","A.S. PONTEVEDRA E O SALNÉS","760","6.330","83"
"2021-01-04","A.S. SANTIAGO E BARBANZA","1.390","9.085","200"
"2021-01-04","A.S. VIGO","1.131","11.448","277"
"2021-01-04","GALICIA","6.165","57.658","1.430"
"2021-01-05","A.S. A CORUÑA E CEE","1.417","12.650","324"
"2021-01-05","A.S. FERROL","397","3.693","91"
"2021-01-05","A.S. LUGO, A MARIÑA E MONFORTE","583","6.682","145"
"2021-01-05","A.S. OURENSE, VERÍN E O BARCO","761","7.888","313"
"2021-01-05","A.S. PONTEVEDRA E O SALNÉS","758","6.373","83"
"2021-01-05","A.S. SANTIAGO E BARBANZA","1.458","9.137","202"
"2021-01-05","A.S. VIGO","1.198","11.501","280"
"2021-01-05","GALICIA","6.572","57.924","1.438"
"2021-01-06","A.S. A CORUÑA E CEE","1.531","12.711","324"
"2021-01-06","A.S. FERROL","424","3.710","92"
"2021-01-06","A.S. LUGO, A MARIÑA E MONFORTE","637","6.707","146"
"2021-01-06","A.S. OURENSE, VERÍN E O BARCO","798","7.934","313"
"2021-01-06","A.S. PONTEVEDRA E O SALNÉS","752","6.430","84"
"2021-01-06","A.S. SANTIAGO E BARBANZA","1.527","9.231","202"
"2021-01-06","A.S. VIGO","1.291","11.576","281"
"2021-01-06","GALICIA","6.960","58.299","1.442"
"2021-01-07","A.S. A CORUÑA E CEE","1.610","12.777","326"
"2021-01-07","A.S. FERROL","454","3.727","92"
"2021-01-07","A.S. LUGO, A MARIÑA E MONFORTE","690","6.740","146"
"2021-01-07","A.S. OURENSE, VERÍN E O BARCO","850","7.982","313"
"2021-01-07","A.S. PONTEVEDRA E O SALNÉS","734","6.503","84"
"2021-01-07","A.S. SANTIAGO E BARBANZA","1.546","9.345","202"
"2021-01-07","A.S. VIGO","1.305","11.708","282"
"2021-01-07","GALICIA","7.189","58.782","1.445"
"2021-01-08","A.S. A CORUÑA E CEE","1.783","12.830","327"
"2021-01-08","A.S. FERROL","463","3.755","94"
"2021-01-08","A.S. LUGO, A MARIÑA E MONFORTE","720","6.764","147"
"2021-01-08","A.S. OURENSE, VERÍN E O BARCO","900","8.042","314"
"2021-01-08","A.S. PONTEVEDRA E O SALNÉS","743","6.557","85"
"2021-01-08","A.S. SANTIAGO E BARBANZA","1.663","9.419","203"
"2021-01-08","A.S. VIGO","1.372","11.808","282"
"2021-01-08","GALICIA","7.644","59.175","1.452"
"2021-01-09","A.S. A CORUÑA E CEE","1.864","12.883","327"
"2021-01-09","A.S. FERROL","534","3.765","96"
"2021-01-09","A.S. LUGO, A MARIÑA E MONFORTE","759","6.785","148"
"2021-01-09","A.S. OURENSE, VERÍN E O BARCO","961","8.062","315"
"2021-01-09","A.S. PONTEVEDRA E O SALNÉS","745","6.593","88"
"2021-01-09","A.S. SANTIAGO E BARBANZA","1.669","9.520","204"
"2021-01-09","A.S. VIGO","1.466","11.876","283"
"2021-01-09","GALICIA","7.998","59.484","1.461"
"2021-01-10","A.S. A CORUÑA E CEE","2.027","12.928","327"
"2021-01-10","A.S. FERROL","593","3.778","96"
"2021-01-10","A.S. LUGO, A MARIÑA E MONFORTE","792","6.813","148"
"2021-01-10","A.S. OURENSE, VERÍN E O BARCO","1.075","8.082","315"
"2021-01-10","A.S. PONTEVEDRA E O SALNÉS","802","6.637","88"
"2021-01-10","A.S. SANTIAGO E BARBANZA","1.715","9.581","206"
"2021-01-10","A.S. VIGO","1.542","11.904","284"
"2021-01-10","GALICIA","8.546","59.723","1.464"
"2021-01-11","A.S. A CORUÑA E CEE","2.080","12.979","331"
"2021-01-11","A.S. FERROL","623","3.796","96"
"2021-01-11","A.S. LUGO, A MARIÑA E MONFORTE","832","6.828","148"
"2021-01-11","A.S. OURENSE, VERÍN E O BARCO","1.149","8.103","316"
"2021-01-11","A.S. PONTEVEDRA E O SALNÉS","837","6.681","88"
"2021-01-11","A.S. SANTIAGO E BARBANZA","1.835","9.651","209"
"2021-01-11","A.S. VIGO","1.635","11.970","286"
"2021-01-11","GALICIA","8.991","60.008","1.474"
"2021-01-12","A.S. A CORUÑA E CEE","2.282","13.039","332"
"2021-01-12","A.S. FERROL","694","3.812","96"
"2021-01-12","A.S. LUGO, A MARIÑA E MONFORTE","922","6.853","149"
"2021-01-12","A.S. OURENSE, VERÍN E O BARCO","1.267","8.150","316"
"2021-01-12","A.S. PONTEVEDRA E O SALNÉS","842","6.719","89"
"2021-01-12","A.S. SANTIAGO E BARBANZA","1.946","9.767","215"
"2021-01-12","A.S. VIGO","1.794","12.044","286"
"2021-01-12","GALICIA","9.747","60.384","1.483"
"2021-01-13","A.S. A CORUÑA E CEE","2.549","13.127","333"
"2021-01-13","A.S. FERROL","733","3.828","98"
"2021-01-13","A.S. LUGO, A MARIÑA E MONFORTE","968","6.893","152"
"2021-01-13","A.S. OURENSE, VERÍN E O BARCO","1.395","8.196","319"
"2021-01-13","A.S. PONTEVEDRA E O SALNÉS","886","6.770","89"
"2021-01-13","A.S. SANTIAGO E BARBANZA","2.026","9.903","215"
"2021-01-13","A.S. VIGO","1.957","12.107","286"
"2021-01-13","GALICIA","10.514","60.824","1.492"
"2021-01-14","A.S. A CORUÑA E CEE","2.671","13.256","335"
"2021-01-14","A.S. FERROL","866","3.856","99"
"2021-01-14","A.S. LUGO, A MARIÑA E MONFORTE","997","6.933","153"
"2021-01-14","A.S. OURENSE, VERÍN E O BARCO","1.496","8.273","320"
"2021-01-14","A.S. PONTEVEDRA E O SALNÉS","927","6.814","89"
"2021-01-14","A.S. SANTIAGO E BARBANZA","2.103","10.012","217"
"2021-01-14","A.S. VIGO","2.094","12.194","289"
"2021-01-14","GALICIA","11.154","61.338","1.502"
"2021-01-15","A.S. A CORUÑA E CEE","2.912","13.366","339"
"2021-01-15","A.S. FERROL","939","3.886","100"
"2021-01-15","A.S. LUGO, A MARIÑA E MONFORTE","1.069","6.979","154"
"2021-01-15","A.S. OURENSE, VERÍN E O BARCO","1.626","8.314","321"
"2021-01-15","A.S. PONTEVEDRA E O SALNÉS","972","6.866","89"
"2021-01-15","A.S. SANTIAGO E BARBANZA","2.185","10.140","221"
"2021-01-15","A.S. VIGO","2.267","12.300","293"
"2021-01-15","GALICIA","11.970","61.851","1.517"
"2021-01-16","A.S. A CORUÑA E CEE","3.187","13.437","341"
"2021-01-16","A.S. FERROL","1.025","3.899","102"
"2021-01-16","A.S. LUGO, A MARIÑA E MONFORTE","1.137","7.019","155"
"2021-01-16","A.S. OURENSE, VERÍN E O BARCO","1.790","8.353","321"
"2021-01-16","A.S. PONTEVEDRA E O SALNÉS","1.025","6.926","91"
"2021-01-16","A.S. SANTIAGO E BARBANZA","2.288","10.224","223"
"2021-01-16","A.S. VIGO","2.422","12.389","295"
"2021-01-16","GALICIA","12.874","62.247","1.528"
"2021-01-17","A.S. A CORUÑA E CEE","3.426","13.499","345"
"2021-01-17","A.S. FERROL","1.081","3.928","104"
"2021-01-17","A.S. LUGO, A MARIÑA E MONFORTE","1.174","7.065","155"
"2021-01-17","A.S. OURENSE, VERÍN E O BARCO","1.890","8.386","322"
"2021-01-17","A.S. PONTEVEDRA E O SALNÉS","1.128","6.947","91"
"2021-01-17","A.S. SANTIAGO E BARBANZA","2.390","10.264","229"
"2021-01-17","A.S. VIGO","2.481","12.421","299"
"2021-01-17","GALICIA","13.570","62.510","1.545"
"2021-01-18","A.S. A CORUÑA E CEE","3.594","13.605","349"
"2021-01-18","A.S. FERROL","1.160","3.952","106"
"2021-01-18","A.S. LUGO, A MARIÑA E MONFORTE","1.251","7.100","156"
"2021-01-18","A.S. OURENSE, VERÍN E O BARCO","1.987","8.462","322"
"2021-01-18","A.S. PONTEVEDRA E O SALNÉS","1.183","6.993","92"
"2021-01-18","A.S. SANTIAGO E BARBANZA","2.552","10.305","232"
"2021-01-18","A.S. VIGO","2.659","12.460","304"
"2021-01-18","GALICIA","14.386","62.877","1.561"
"2021-01-19","A.S. A CORUÑA E CEE","3.888","13.710","350"
"2021-01-19","A.S. FERROL","1.219","3.984","106"
"2021-01-19","A.S. LUGO, A MARIÑA E MONFORTE","1.289","7.147","157"
"2021-01-19","A.S. OURENSE, VERÍN E O BARCO","2.141","8.523","325"
"2021-01-19","A.S. PONTEVEDRA E O SALNÉS","1.232","7.030","94"
"2021-01-19","A.S. SANTIAGO E BARBANZA","2.634","10.414","235"
"2021-01-19","A.S. VIGO","2.832","12.528","305"
"2021-01-19","GALICIA","15.235","63.336","1.572"
"2021-01-20","A.S. A CORUÑA E CEE","4.182","13.871","352"
"2021-01-20","A.S. FERROL","1.326","4.029","108"
"2021-01-20","A.S. LUGO, A MARIÑA E MONFORTE","1.407","7.191","159"
"2021-01-20","A.S. OURENSE, VERÍN E O BARCO","2.302","8.619","328"
"2021-01-20","A.S. PONTEVEDRA E O SALNÉS","1.430","7.063","94"
"2021-01-20","A.S. SANTIAGO E BARBANZA","2.741","10.535","240"
"2021-01-20","A.S. VIGO","3.028","12.683","311"
"2021-01-20","GALICIA","16.416","63.991","1.592"
"2021-01-21","A.S. A CORUÑA E CEE","4.514","14.027","353"
"2021-01-21","A.S. FERROL","1.431","4.072","109"
"2021-01-21","A.S. LUGO, A MARIÑA E MONFORTE","1.491","7.268","159"
"2021-01-21","A.S. OURENSE, VERÍN E O BARCO","2.478","8.714","329"
"2021-01-21","A.S. PONTEVEDRA E O SALNÉS","1.520","7.114","97"
"2021-01-21","A.S. SANTIAGO E BARBANZA","2.877","10.688","241"
"2021-01-21","A.S. VIGO","3.251","12.806","313"
"2021-01-21","GALICIA","17.562","64.689","1.601"
"2021-01-22","A.S. A CORUÑA E CEE","4.969","14.156","360"
"2021-01-22","A.S. FERROL","1.516","4.113","112"
"2021-01-22","A.S. LUGO, A MARIÑA E MONFORTE","1.604","7.358","160"
"2021-01-22","A.S. OURENSE, VERÍN E O BARCO","2.621","8.816","329"
"2021-01-22","A.S. PONTEVEDRA E O SALNÉS","1.614","7.169","97"
"2021-01-22","A.S. SANTIAGO E BARBANZA","2.976","10.830","247"
"2021-01-22","A.S. VIGO","3.420","12.937","321"
"2021-01-22","GALICIA","18.720","65.379","1.626"
"2021-01-23","A.S. A CORUÑA E CEE","5.149","14.364","368"
"2021-01-23","A.S. FERROL","1.579","4.154","113"
"2021-01-23","A.S. LUGO, A MARIÑA E MONFORTE","1.703","7.407","161"
"2021-01-23","A.S. OURENSE, VERÍN E O BARCO","2.744","8.928","330"
"2021-01-23","A.S. PONTEVEDRA E O SALNÉS","1.655","7.236","99"
"2021-01-23","A.S. SANTIAGO E BARBANZA","2.978","11.010","248"
"2021-01-23","A.S. VIGO","3.500","13.096","324"
"2021-01-23","GALICIA","19.308","66.195","1.643"
"2021-01-24","A.S. A CORUÑA E CEE","5.276","14.494","375"
"2021-01-24","A.S. FERROL","1.614","4.221","118"
"2021-01-24","A.S. LUGO, A MARIÑA E MONFORTE","1.759","7.462","163"
"2021-01-24","A.S. OURENSE, VERÍN E O BARCO","2.815","9.002","334"
"2021-01-24","A.S. PONTEVEDRA E O SALNÉS","1.912","7.263","101"
"2021-01-24","A.S. SANTIAGO E BARBANZA","3.187","11.104","249"
"2021-01-24","A.S. VIGO","3.606","13.237","325"
"2021-01-24","GALICIA","20.169","66.783","1.665"
"2021-01-25","A.S. A CORUÑA E CEE","5.465","14.667","380"
"2021-01-25","A.S. FERROL","1.645","4.282","119"
"2021-01-25","A.S. LUGO, A MARIÑA E MONFORTE","1.839","7.513","164"
"2021-01-25","A.S. OURENSE, VERÍN E O BARCO","2.913","9.103","335"
"2021-01-25","A.S. PONTEVEDRA E O SALNÉS","1.986","7.361","101"
"2021-01-25","A.S. SANTIAGO E BARBANZA","3.280","11.227","249"
"2021-01-25","A.S. VIGO","3.710","13.323","326"
"2021-01-25","GALICIA","20.838","67.476","1.674"
"2021-01-26","A.S. A CORUÑA E CEE","5.760","14.815","388"
"2021-01-26","A.S. FERROL","1.731","4.323","120"
"2021-01-26","A.S. LUGO, A MARIÑA E MONFORTE","1.987","7.567","165"
"2021-01-26","A.S. OURENSE, VERÍN E O BARCO","3.026","9.214","340"
"2021-01-26","A.S. PONTEVEDRA E O SALNÉS","2.057","7.441","104"
"2021-01-26","A.S. SANTIAGO E BARBANZA","3.371","11.387","252"
"2021-01-26","A.S. VIGO","3.774","13.519","330"
"2021-01-26","GALICIA","21.706","68.266","1.699"
"2021-01-27","A.S. A CORUÑA E CEE","5.917","15.047","397"
"2021-01-27","A.S. FERROL","1.763","4.399","122"
"2021-01-27","A.S. LUGO, A MARIÑA E MONFORTE","2.011","7.676","166"
"2021-01-27","A.S. OURENSE, VERÍN E O BARCO","3.034","9.385","342"
"2021-01-27","A.S. PONTEVEDRA E O SALNÉS","2.204","7.489","105"
"2021-01-27","A.S. SANTIAGO E BARBANZA","3.394","11.605","255"
"2021-01-27","A.S. VIGO","3.732","13.788","334"
"2021-01-27","GALICIA","22.055","69.389","1.721"
"2021-01-28","A.S. A CORUÑA E CEE","5.968","15.350","407"
"2021-01-28","A.S. FERROL","1.824","4.455","125"
"2021-01-28","A.S. LUGO, A MARIÑA E MONFORTE","2.045","7.761","170"
"2021-01-28","A.S. OURENSE, VERÍN E O BARCO","3.026","9.545","348"
"2021-01-28","A.S. PONTEVEDRA E O SALNÉS","2.287","7.566","108"
"2021-01-28","A.S. SANTIAGO E BARBANZA","3.471","11.814","259"
"2021-01-28","A.S. VIGO","3.892","13.992","340"
"2021-01-28","GALICIA","22.513","70.483","1.757"
"2021-01-29","A.S. A CORUÑA E CEE","6.056","15.582","420"
"2021-01-29","A.S. FERROL","1.821","4.596","125"
"2021-01-29","A.S. LUGO, A MARIÑA E MONFORTE","2.176","7.829","172"
"2021-01-29","A.S. OURENSE, VERÍN E O BARCO","3.007","9.705","351"
"2021-01-29","A.S. PONTEVEDRA E O SALNÉS","2.418","7.651","109"
"2021-01-29","A.S. SANTIAGO E BARBANZA","3.484","12.002","263"
"2021-01-29","A.S. VIGO","3.950","14.193","344"
"2021-01-29","GALICIA","22.912","71.558","1.784"
"2021-01-30","A.S. A CORUÑA E CEE","6.066","15.872","426"
"2021-01-30","A.S. FERROL","1.828","4.689","129"
"2021-01-30","A.S. LUGO, A MARIÑA E MONFORTE","2.168","7.942","174"
"2021-01-30","A.S. OURENSE, VERÍN E O BARCO","2.982","9.876","353"
"2021-01-30","A.S. PONTEVEDRA E O SALNÉS","2.462","7.731","112"
"2021-01-30","A.S. SANTIAGO E BARBANZA","3.466","12.191","266"
"2021-01-30","A.S. VIGO","3.852","14.469","346"
"2021-01-30","GALICIA","22.824","72.770","1.806"
"2021-01-31","A.S. A CORUÑA E CEE","5.971","16.184","434"
"2021-01-31","A.S. FERROL","1.819","4.775","132"
"2021-01-31","A.S. LUGO, A MARIÑA E MONFORTE","2.156","8.040","175"
"2021-01-31","A.S. OURENSE, VERÍN E O BARCO","2.921","10.069","354"
"2021-01-31","A.S. PONTEVEDRA E O SALNÉS","2.513","7.833","113"
"2021-01-31","A.S. SANTIAGO E BARBANZA","3.438","12.343","270"
"2021-01-31","A.S. VIGO","3.834","14.649","349"
"2021-01-31","GALICIA","22.652","73.893","1.827"
"2021-02-01","A.S. A CORUÑA E CEE","5.922","16.455","441"
"2021-02-01","A.S. FERROL","1.847","4.859","135"
"2021-02-01","A.S. LUGO, A MARIÑA E MONFORTE","2.155","8.119","176"
"2021-02-01","A.S. OURENSE, VERÍN E O BARCO","2.880","10.204","362"
"2021-02-01","A.S. PONTEVEDRA E O SALNÉS","2.539","7.949","117"
"2021-02-01","A.S. SANTIAGO E BARBANZA","3.469","12.484","273"
"2021-02-01","A.S. VIGO","3.893","14.764","350"
"2021-02-01","GALICIA","22.705","74.834","1.854"
"2021-02-02","A.S. A CORUÑA E CEE","5.927","16.719","451"
"2021-02-02","A.S. FERROL","1.855","4.950","139"
"2021-02-02","A.S. LUGO, A MARIÑA E MONFORTE","2.123","8.239","178"
"2021-02-02","A.S. OURENSE, VERÍN E O BARCO","2.828","10.378","366"
"2021-02-02","A.S. PONTEVEDRA E O SALNÉS","2.614","8.049","118"
"2021-02-02","A.S. SANTIAGO E BARBANZA","3.423","12.689","278"
"2021-02-02","A.S. VIGO","3.933","14.969","351"
"2021-02-02","GALICIA","22.703","75.993","1.881"
"2021-02-03","A.S. A CORUÑA E CEE","5.915","17.052","458"
"2021-02-03","A.S. FERROL","1.889","5.016","143"
"2021-02-03","A.S. LUGO, A MARIÑA E MONFORTE","2.137","8.330","178"
"2021-02-03","A.S. OURENSE, VERÍN E O BARCO","2.732","10.568","371"
"2021-02-03","A.S. PONTEVEDRA E O SALNÉS","2.641","8.128","122"
"2021-02-03","A.S. SANTIAGO E BARBANZA","3.461","12.868","281"
"2021-02-03","A.S. VIGO","3.901","15.206","356"
"2021-02-03","GALICIA","22.676","77.168","1.909"
"2021-02-04","A.S. A CORUÑA E CEE","5.794","17.442","466"
"2021-02-04","A.S. FERROL","1.820","5.155","150"
"2021-02-04","A.S. LUGO, A MARIÑA E MONFORTE","2.045","8.488","178"
"2021-02-04","A.S. OURENSE, VERÍN E O BARCO","2.584","10.832","375"
"2021-02-04","A.S. PONTEVEDRA E O SALNÉS","2.621","8.320","126"
"2021-02-04","A.S. SANTIAGO E BARBANZA","3.361","13.120","284"
"2021-02-04","A.S. VIGO","3.702","15.536","359"
"2021-02-04","GALICIA","21.927","78.893","1.938"
"2021-02-05","A.S. A CORUÑA E CEE","5.601","17.863","476"
"2021-02-05","A.S. FERROL","1.789","5.288","153"
"2021-02-05","A.S. LUGO, A MARIÑA E MONFORTE","1.979","8.644","179"
"2021-02-05","A.S. OURENSE, VERÍN E O BARCO","2.418","11.077","379"
"2021-02-05","A.S. PONTEVEDRA E O SALNÉS","2.602","8.455","128"
"2021-02-05","A.S. SANTIAGO E BARBANZA","3.188","13.417","287"
"2021-02-05","A.S. VIGO","3.490","15.850","361"
"2021-02-05","GALICIA","21.067","80.594","1.963"
"2021-02-06","A.S. A CORUÑA E CEE","5.368","18.362","481"
"2021-02-06","A.S. FERROL","1.714","5.406","157"
"2021-02-06","A.S. LUGO, A MARIÑA E MONFORTE","1.880","8.825","181"
"2021-02-06","A.S. OURENSE, VERÍN E O BARCO","2.248","11.313","381"
"2021-02-06","A.S. PONTEVEDRA E O SALNÉS","2.552","8.595","128"
"2021-02-06","A.S. SANTIAGO E BARBANZA","3.042","13.675","289"
"2021-02-06","A.S. VIGO","3.300","16.127","363"
"2021-02-06","GALICIA","20.104","82.303","1.980"
"2021-02-07","A.S. A CORUÑA E CEE","5.202","18.703","485"
"2021-02-07","A.S. FERROL","1.668","5.488","160"
"2021-02-07","A.S. LUGO, A MARIÑA E MONFORTE","1.797","8.971","184"
"2021-02-07","A.S. OURENSE, VERÍN E O BARCO","2.094","11.504","382"
"2021-02-07","A.S. PONTEVEDRA E O SALNÉS","2.517","8.696","128"
"2021-02-07","A.S. SANTIAGO E BARBANZA","2.947","13.827","292"
"2021-02-07","A.S. VIGO","3.172","16.341","365"
"2021-02-07","GALICIA","19.397","83.530","1.996"
"2021-02-08","A.S. A CORUÑA E CEE","5.094","19.001","490"
"2021-02-08","A.S. FERROL","1.611","5.588","166"
"2021-02-08","A.S. LUGO, A MARIÑA E MONFORTE","1.738","9.073","186"
"2021-02-08","A.S. OURENSE, VERÍN E O BARCO","2.002","11.648","384"
"2021-02-08","A.S. PONTEVEDRA E O SALNÉS","2.325","8.964","129"
"2021-02-08","A.S. SANTIAGO E BARBANZA","2.707","14.124","294"
"2021-02-08","A.S. VIGO","3.011","16.602","370"
"2021-02-08","GALICIA","18.488","85.000","2.019"
"2021-02-09","A.S. A CORUÑA E CEE","4.887","19.423","495"
"2021-02-09","A.S. FERROL","1.576","5.662","171"
"2021-02-09","A.S. LUGO, A MARIÑA E MONFORTE","1.660","9.206","186"
"2021-02-09","A.S. OURENSE, VERÍN E O BARCO","1.876","11.849","388"
"2021-02-09","A.S. PONTEVEDRA E O SALNÉS","2.241","9.123","134"
"2021-02-09","A.S. SANTIAGO E BARBANZA","2.550","14.380","298"
"2021-02-09","A.S. VIGO","2.945","16.777","371"
"2021-02-09","GALICIA","17.735","86.420","2.043"
"2021-02-10","A.S. A CORUÑA E CEE","4.743","19.848","501"
"2021-02-10","A.S. FERROL","1.520","5.780","174"
"2021-02-10","A.S. LUGO, A MARIÑA E MONFORTE","1.549","9.394","187"
"2021-02-10","A.S. OURENSE, VERÍN E O BARCO","1.686","12.093","390"
"2021-02-10","A.S. PONTEVEDRA E O SALNÉS","2.163","9.275","135"
"2021-02-10","A.S. SANTIAGO E BARBANZA","2.376","14.620","302"
"2021-02-10","A.S. VIGO","2.807","17.030","373"
"2021-02-10","GALICIA","16.844","88.040","2.062"
"2021-02-11","A.S. A CORUÑA E CEE","4.599","20.188","503"
"2021-02-11","A.S. FERROL","1.474","5.870","177"
"2021-02-11","A.S. LUGO, A MARIÑA E MONFORTE","1.458","9.538","187"
"2021-02-11","A.S. OURENSE, VERÍN E O BARCO","1.564","12.259","392"
"2021-02-11","A.S. PONTEVEDRA E O SALNÉS","2.032","9.474","136"
"2021-02-11","A.S. SANTIAGO E BARBANZA","2.196","14.858","306"
"2021-02-11","A.S. VIGO","2.644","17.269","376"
"2021-02-11","GALICIA","15.967","89.456","2.077"
"2021-02-12","A.S. A CORUÑA E CEE","4.427","20.510","504"
"2021-02-12","A.S. FERROL","1.430","5.963","180"
"2021-02-12","A.S. LUGO, A MARIÑA E MONFORTE","1.405","9.665","189"
"2021-02-12","A.S. OURENSE, VERÍN E O BARCO","1.428","12.437","392"
"2021-02-12","A.S. PONTEVEDRA E O SALNÉS","1.951","9.636","139"
"2021-02-12","A.S. SANTIAGO E BARBANZA","1.968","15.147","309"
"2021-02-12","A.S. VIGO","2.357","17.611","376"
"2021-02-12","GALICIA","14.966","90.969","2.089"
"2021-02-13","A.S. A CORUÑA E CEE","4.181","20.860","506"
"2021-02-13","A.S. FERROL","1.328","6.101","182"
"2021-02-13","A.S. LUGO, A MARIÑA E MONFORTE","1.242","9.850","193"
"2021-02-13","A.S. OURENSE, VERÍN E O BARCO","1.318","12.580","393"
"2021-02-13","A.S. PONTEVEDRA E O SALNÉS","1.802","9.830","140"
"2021-02-13","A.S. SANTIAGO E BARBANZA","1.816","15.340","310"
"2021-02-13","A.S. VIGO","2.165","17.878","378"
"2021-02-13","GALICIA","13.852","92.439","2.102"
"2021-02-14","A.S. A CORUÑA E CEE","3.978","21.169","512"
"2021-02-14","A.S. FERROL","1.258","6.192","185"
"2021-02-14","A.S. LUGO, A MARIÑA E MONFORTE","1.194","9.949","195"
"2021-02-14","A.S. OURENSE, VERÍN E O BARCO","1.215","12.709","394"
"2021-02-14","A.S. PONTEVEDRA E O SALNÉS","1.743","9.944","141"
"2021-02-14","A.S. SANTIAGO E BARBANZA","1.683","15.489","312"
"2021-02-14","A.S. VIGO","2.049","18.061","379"
"2021-02-14","GALICIA","13.120","93.513","2.118"
"2021-02-15","A.S. A CORUÑA E CEE","3.838","21.419","514"
"2021-02-15","A.S. FERROL","1.205","6.271","190"
"2021-02-15","A.S. LUGO, A MARIÑA E MONFORTE","1.140","10.028","196"
"2021-02-15","A.S. OURENSE, VERÍN E O BARCO","1.101","12.840","397"
"2021-02-15","A.S. PONTEVEDRA E O SALNÉS","1.645","10.085","142"
"2021-02-15","A.S. SANTIAGO E BARBANZA","1.600","15.626","313"
"2021-02-15","A.S. VIGO","1.961","18.232","380"
"2021-02-15","GALICIA","12.490","94.501","2.132"
"2021-02-16","A.S. A CORUÑA E CEE","3.686","21.662","518"
"2021-02-16","A.S. FERROL","1.134","6.381","193"
"2021-02-16","A.S. LUGO, A MARIÑA E MONFORTE","1.104","10.103","196"
"2021-02-16","A.S. OURENSE, VERÍN E O BARCO","1.019","12.940","398"
"2021-02-16","A.S. PONTEVEDRA E O SALNÉS","1.553","10.227","142"
"2021-02-16","A.S. SANTIAGO E BARBANZA","1.476","15.810","313"
"2021-02-16","A.S. VIGO","1.839","18.394","385"
"2021-02-16","GALICIA","11.811","95.517","2.145"
"2021-02-17","A.S. A CORUÑA E CEE","3.527","21.954","518"
"2021-02-17","A.S. FERROL","1.084","6.470","194"
"2021-02-17","A.S. LUGO, A MARIÑA E MONFORTE","1.030","10.206","198"
"2021-02-17","A.S. OURENSE, VERÍN E O BARCO","932","13.046","398"
"2021-02-17","A.S. PONTEVEDRA E O SALNÉS","1.466","10.370","142"
"2021-02-17","A.S. SANTIAGO E BARBANZA","1.350","15.966","316"
"2021-02-17","A.S. VIGO","1.633","18.657","387"
"2021-02-17","GALICIA","11.022","96.669","2.153"
"2021-02-18","A.S. A CORUÑA E CEE","3.280","22.327","518"
"2021-02-18","A.S. FERROL","1.000","6.582","195"
"2021-02-18","A.S. LUGO, A MARIÑA E MONFORTE","953","10.317","198"
"2021-02-18","A.S. OURENSE, VERÍN E O BARCO","836","13.167","398"
"2021-02-18","A.S. PONTEVEDRA E O SALNÉS","1.419","10.477","143"
"2021-02-18","A.S. SANTIAGO E BARBANZA","1.155","16.195","321"
"2021-02-18","A.S. VIGO","1.463","18.896","388"
"2021-02-18","GALICIA","10.106","97.961","2.161"
"2021-02-19","A.S. A CORUÑA E CEE","3.058","22.651","520"
"2021-02-19","A.S. FERROL","965","6.657","197"
"2021-02-19","A.S. LUGO, A MARIÑA E MONFORTE","914","10.395","198"
"2021-02-19","A.S. OURENSE, VERÍN E O BARCO","713","13.313","400"
"2021-02-19","A.S. PONTEVEDRA E O SALNÉS","1.274","10.657","144"
"2021-02-19","A.S. SANTIAGO E BARBANZA","1.050","16.352","325"
"2021-02-19","A.S. VIGO","1.380","19.042","388"
"2021-02-19","GALICIA","9.354","99.067","2.172"
"2021-02-20","A.S. A CORUÑA E CEE","2.843","22.910","521"
"2021-02-20","A.S. FERROL","879","6.777","199"
"2021-02-20","A.S. LUGO, A MARIÑA E MONFORTE","849","10.490","198"
"2021-02-20","A.S. OURENSE, VERÍN E O BARCO","635","13.408","401"
"2021-02-20","A.S. PONTEVEDRA E O SALNÉS","1.158","10.806","145"
"2021-02-20","A.S. SANTIAGO E BARBANZA","951","16.477","327"
"2021-02-20","A.S. VIGO","1.325","19.139","389"
"2021-02-20","GALICIA","8.640","100.007","2.180"
"2021-02-21","A.S. A CORUÑA E CEE","2.675","23.164","523"
"2021-02-21","A.S. FERROL","839","6.830","200"
"2021-02-21","A.S. LUGO, A MARIÑA E MONFORTE","803","10.568","199"
"2021-02-21","A.S. OURENSE, VERÍN E O BARCO","579","13.474","401"
"2021-02-21","A.S. PONTEVEDRA E O SALNÉS","1.087","10.904","147"
"2021-02-21","A.S. SANTIAGO E BARBANZA","870","16.582","327"
"2021-02-21","A.S. VIGO","1.263","19.218","389"
"2021-02-21","GALICIA","8.116","100.740","2.186"
"2021-02-22","A.S. A CORUÑA E CEE","2.540","23.371","528"
"2021-02-22","A.S. FERROL","826","6.865","201"
"2021-02-22","A.S. LUGO, A MARIÑA E MONFORTE","775","10.631","200"
"2021-02-22","A.S. OURENSE, VERÍN E O BARCO","549","13.518","401"
"2021-02-22","A.S. PONTEVEDRA E O SALNÉS","1.050","10.965","147"
"2021-02-22","A.S. SANTIAGO E BARBANZA","838","16.646","328"
"2021-02-22","A.S. VIGO","1.226","19.308","389"
"2021-02-22","GALICIA","7.804","101.304","2.194"
"2021-02-23","A.S. A CORUÑA E CEE","2.378","23.618","532"
"2021-02-23","A.S. FERROL","772","6.931","201"
"2021-02-23","A.S. LUGO, A MARIÑA E MONFORTE","754","10.673","201"
"2021-02-23","A.S. OURENSE, VERÍN E O BARCO","507","13.568","401"
"2021-02-23","A.S. PONTEVEDRA E O SALNÉS","997","11.057","149"
"2021-02-23","A.S. SANTIAGO E BARBANZA","814","16.723","328"
"2021-02-23","A.S. VIGO","1.149","19.453","390"
"2021-02-23","GALICIA","7.371","102.023","2.202"
"2021-02-24","A.S. A CORUÑA E CEE","2.217","23.859","534"
"2021-02-24","A.S. FERROL","729","6.999","201"
"2021-02-24","A.S. LUGO, A MARIÑA E MONFORTE","711","10.744","203"
"2021-02-24","A.S. OURENSE, VERÍN E O BARCO","438","13.654","401"
"2021-02-24","A.S. PONTEVEDRA E O SALNÉS","939","11.161","153"
"2021-02-24","A.S. SANTIAGO E BARBANZA","741","16.828","330"
"2021-02-24","A.S. VIGO","1.062","19.584","390"
"2021-02-24","GALICIA","6.837","102.829","2.212"
"2021-02-25","A.S. A CORUÑA E CEE","2.052","24.120","537"
"2021-02-25","A.S. FERROL","670","7.070","202"
"2021-02-25","A.S. LUGO, A MARIÑA E MONFORTE","644","10.827","204"
"2021-02-25","A.S. OURENSE, VERÍN E O BARCO","394","13.715","401"
"2021-02-25","A.S. PONTEVEDRA E O SALNÉS","903","11.251","153"
"2021-02-25","A.S. SANTIAGO E BARBANZA","695","16.906","331"
"2021-02-25","A.S. VIGO","1.003","19.710","391"
"2021-02-25","GALICIA","6.361","103.599","2.219"
"2021-02-26","A.S. A CORUÑA E CEE","1.922","24.344","539"
"2021-02-26","A.S. FERROL","623","7.125","203"
"2021-02-26","A.S. LUGO, A MARIÑA E MONFORTE","598","10.889","205"
"2021-02-26","A.S. OURENSE, VERÍN E O BARCO","365","13.753","405"
"2021-02-26","A.S. PONTEVEDRA E O SALNÉS","849","11.334","154"
"2021-02-26","A.S. SANTIAGO E BARBANZA","643","16.972","332"
"2021-02-26","A.S. VIGO","946","19.798","392"
"2021-02-26","GALICIA","5.946","104.215","2.230"
"2021-02-27","A.S. A CORUÑA E CEE","1.811","24.513","545"
"2021-02-27","A.S. FERROL","549","7.207","205"
"2021-02-27","A.S. LUGO, A MARIÑA E MONFORTE","520","10.976","205"
"2021-02-27","A.S. OURENSE, VERÍN E O BARCO","323","13.805","407"
"2021-02-27","A.S. PONTEVEDRA E O SALNÉS","792","11.431","154"
"2021-02-27","A.S. SANTIAGO E BARBANZA","591","17.039","333"
"2021-02-27","A.S. VIGO","935","19.857","395"
"2021-02-27","GALICIA","5.521","104.828","2.244"
"2021-02-28","A.S. A CORUÑA E CEE","1.709","24.630","546"
"2021-02-28","A.S. FERROL","512","7.247","206"
"2021-02-28","A.S. LUGO, A MARIÑA E MONFORTE","503","10.999","206"
"2021-02-28","A.S. OURENSE, VERÍN E O BARCO","292","13.840","408"
"2021-02-28","A.S. PONTEVEDRA E O SALNÉS","766","11.480","155"
"2021-02-28","A.S. SANTIAGO E BARBANZA","570","17.070","335"
"2021-02-28","A.S. VIGO","884","19.933","396"
"2021-02-28","GALICIA","5.236","105.199","2.252"
"2021-03-01","A.S. A CORUÑA E CEE","1.615","24.753","548"
"2021-03-01","A.S. FERROL","494","7.275","206"
"2021-03-01","A.S. LUGO, A MARIÑA E MONFORTE","459","11.051","206"
"2021-03-01","A.S. OURENSE, VERÍN E O BARCO","280","13.867","409"
"2021-03-01","A.S. PONTEVEDRA E O SALNÉS","725","11.529","155"
"2021-03-01","A.S. SANTIAGO E BARBANZA","555","17.098","335"
"2021-03-01","A.S. VIGO","840","20.008","396"
"2021-03-01","GALICIA","4.968","105.581","2.255"
"2021-03-02","A.S. A CORUÑA E CEE","1.563","24.889","548"
"2021-03-02","A.S. FERROL","471","7.312","207"
"2021-03-02","A.S. LUGO, A MARIÑA E MONFORTE","427","11.094","206"
"2021-03-02","A.S. OURENSE, VERÍN E O BARCO","288","13.887","409"
"2021-03-02","A.S. PONTEVEDRA E O SALNÉS","686","11.582","156"
"2021-03-02","A.S. SANTIAGO E BARBANZA","522","17.148","336"
"2021-03-02","A.S. VIGO","787","20.093","396"
"2021-03-02","GALICIA","4.744","106.005","2.258"
"2021-03-03","A.S. A CORUÑA E CEE","1.530","25.020","549"
"2021-03-03","A.S. FERROL","427","7.365","207"
"2021-03-03","A.S. LUGO, A MARIÑA E MONFORTE","406","11.130","206"
"2021-03-03","A.S. OURENSE, VERÍN E O BARCO","281","13.906","409"
"2021-03-03","A.S. PONTEVEDRA E O SALNÉS","634","11.650","156"
"2021-03-03","A.S. SANTIAGO E BARBANZA","475","17.214","337"
"2021-03-03","A.S. VIGO","764","20.152","396"
"2021-03-03","GALICIA","4.517","106.437","2.260"
"2021-03-04","A.S. A CORUÑA E CEE","1.401","25.214","550"
"2021-03-04","A.S. FERROL","376","7.425","208"
"2021-03-04","A.S. LUGO, A MARIÑA E MONFORTE","377","11.174","206"
"2021-03-04","A.S. OURENSE, VERÍN E O BARCO","255","13.950","409"
"2021-03-04","A.S. PONTEVEDRA E O SALNÉS","601","11.699","156"
"2021-03-04","A.S. SANTIAGO E BARBANZA","464","17.253","338"
"2021-03-04","A.S. VIGO","727","20.217","396"
"2021-03-04","GALICIA","4.201","106.932","2.263"
"2021-03-05","A.S. A CORUÑA E CEE","1.348","25.332","552"
"2021-03-05","A.S. FERROL","366","7.458","208"
"2021-03-05","A.S. LUGO, A MARIÑA E MONFORTE","352","11.217","207"
"2021-03-05","A.S. OURENSE, VERÍN E O BARCO","245","13.975","409"
"2021-03-05","A.S. PONTEVEDRA E O SALNÉS","544","11.768","157"
"2021-03-05","A.S. SANTIAGO E BARBANZA","453","17.283","338"
"2021-03-05","A.S. VIGO","683","20.279","398"
"2021-03-05","GALICIA","3.991","107.312","2.269"
"2021-03-06","A.S. A CORUÑA E CEE","1.282","25.452","555"
"2021-03-06","A.S. FERROL","328","7.506","208"
"2021-03-06","A.S. LUGO, A MARIÑA E MONFORTE","327","11.248","207"
"2021-03-06","A.S. OURENSE, VERÍN E O BARCO","235","13.999","409"
"2021-03-06","A.S. PONTEVEDRA E O SALNÉS","492","11.821","158"
"2021-03-06","A.S. SANTIAGO E BARBANZA","410","17.342","338"
"2021-03-06","A.S. VIGO","642","20.347","398"
"2021-03-06","GALICIA","3.716","107.715","2.273"
"2021-03-07","A.S. A CORUÑA E CEE","1.261","25.507","555"
"2021-03-07","A.S. FERROL","293","7.547","208"
"2021-03-07","A.S. LUGO, A MARIÑA E MONFORTE","307","11.275","208"
"2021-03-07","A.S. OURENSE, VERÍN E O BARCO","226","14.011","409"
"2021-03-07","A.S. PONTEVEDRA E O SALNÉS","459","11.858","159"
"2021-03-07","A.S. SANTIAGO E BARBANZA","389","17.369","341"
"2021-03-07","A.S. VIGO","613","20.391","398"
"2021-03-07","GALICIA","3.548","107.958","2.278"
"2021-03-08","A.S. A CORUÑA E CEE","1.250","25.614","555"
"2021-03-08","A.S. FERROL","285","7.568","209"
"2021-03-08","A.S. LUGO, A MARIÑA E MONFORTE","285","11.310","209"
"2021-03-08","A.S. OURENSE, VERÍN E O BARCO","221","14.022","409"
"2021-03-08","A.S. PONTEVEDRA E O SALNÉS","444","11.887","159"
"2021-03-08","A.S. SANTIAGO E BARBANZA","382","17.391","341"
"2021-03-08","A.S. VIGO","613","20.419","400"
"2021-03-08","GALICIA","3.480","108.211","2.282"
"2021-03-09","A.S. A CORUÑA E CEE","1.205","25.720","555"
"2021-03-09","A.S. FERROL","269","7.601","209"
"2021-03-09","A.S. LUGO, A MARIÑA E MONFORTE","250","11.353","210"
"2021-03-09","A.S. OURENSE, VERÍN E O BARCO","213","14.039","409"
"2021-03-09","A.S. PONTEVEDRA E O SALNÉS","421","11.926","159"
"2021-03-09","A.S. SANTIAGO E BARBANZA","360","17.434","341"
"2021-03-09","A.S. VIGO","580","20.471","400"
"2021-03-09","GALICIA","3.298","108.544","2.283"
"2021-03-10","A.S. A CORUÑA E CEE","1.161","25.828","556"
"2021-03-10","A.S. FERROL","261","7.615","210"
"2021-03-10","A.S. LUGO, A MARIÑA E MONFORTE","235","11.379","210"
"2021-03-10","A.S. OURENSE, VERÍN E O BARCO","210","14.052","409"
"2021-03-10","A.S. PONTEVEDRA E O SALNÉS","391","11.972","159"
"2021-03-10","A.S. SANTIAGO E BARBANZA","326","17.481","341"
"2021-03-10","A.S. VIGO","554","20.532","401"
"2021-03-10","GALICIA","3.138","108.859","2.286"
"2021-03-11","A.S. A CORUÑA E CEE","1.129","25.925","557"
"2021-03-11","A.S. FERROL","241","7.654","211"
"2021-03-11","A.S. LUGO, A MARIÑA E MONFORTE","223","11.415","210"
"2021-03-11","A.S. OURENSE, VERÍN E O BARCO","204","14.068","409"
"2021-03-11","A.S. PONTEVEDRA E O SALNÉS","354","12.025","159"
"2021-03-11","A.S. SANTIAGO E BARBANZA","328","17.513","341"
"2021-03-11","A.S. VIGO","546","20.576","402"
"2021-03-11","GALICIA","3.025","109.176","2.289"
"2021-03-12","A.S. A CORUÑA E CEE","1.098","26.020","557"
"2021-03-12","A.S. FERROL","236","7.674","211"
"2021-03-12","A.S. LUGO, A MARIÑA E MONFORTE","220","11.435","210"
"2021-03-12","A.S. OURENSE, VERÍN E O BARCO","196","14.087","409"
"2021-03-12","A.S. PONTEVEDRA E O SALNÉS","306","12.077","160"
"2021-03-12","A.S. SANTIAGO E BARBANZA","321","17.603","343"
"2021-03-12","A.S. VIGO","507","20.636","405"
"2021-03-12","GALICIA","2.884","109.532","2.295"
"2021-03-13","A.S. A CORUÑA E CEE","1.071","26.093","558"
"2021-03-13","A.S. FERROL","242","7.681","211"
"2021-03-13","A.S. LUGO, A MARIÑA E MONFORTE","205","11.456","210"
"2021-03-13","A.S. OURENSE, VERÍN E O BARCO","192","14.105","409"
"2021-03-13","A.S. PONTEVEDRA E O SALNÉS","280","12.111","160"
"2021-03-13","A.S. SANTIAGO E BARBANZA","304","17.622","348"
"2021-03-13","A.S. VIGO","495","20.669","405"
"2021-03-13","GALICIA","2.789","109.737","2.301"
"2021-03-14","A.S. A CORUÑA E CEE","1.072","26.149","558"
"2021-03-14","A.S. FERROL","248","7.686","211"
"2021-03-14","A.S. LUGO, A MARIÑA E MONFORTE","209","11.464","210"
"2021-03-14","A.S. OURENSE, VERÍN E O BARCO","186","14.115","409"
"2021-03-14","A.S. PONTEVEDRA E O SALNÉS","247","12.150","160"
"2021-03-14","A.S. SANTIAGO E BARBANZA","297","17.634","349"
"2021-03-14","A.S. VIGO","455","20.719","405"
"2021-03-14","GALICIA","2.714","109.917","2.302"
"2021-03-15","A.S. A CORUÑA E CEE","1.086","26.183","559"
"2021-03-15","A.S. FERROL","246","7.690","212"
"2021-03-15","A.S. LUGO, A MARIÑA E MONFORTE","213","11.469","210"
"2021-03-15","A.S. OURENSE, VERÍN E O BARCO","174","14.135","410"
"2021-03-15","A.S. PONTEVEDRA E O SALNÉS","227","12.176","160"
"2021-03-15","A.S. SANTIAGO E BARBANZA","295","17.646","349"
"2021-03-15","A.S. VIGO","466","20.747","405"
"2021-03-15","GALICIA","2.707","110.046","2.305"
"2021-03-16","A.S. A CORUÑA E CEE","1.069","26.246","561"
"2021-03-16","A.S. FERROL","241","7.707","212"
"2021-03-16","A.S. LUGO, A MARIÑA E MONFORTE","215","11.476","210"
"2021-03-16","A.S. OURENSE, VERÍN E O BARCO","170","14.151","411"
"2021-03-16","A.S. PONTEVEDRA E O SALNÉS","230","12.191","161"
"2021-03-16","A.S. SANTIAGO E BARBANZA","292","17.659","349"
"2021-03-16","A.S. VIGO","476","20.781","405"
"2021-03-16","GALICIA","2.693","110.211","2.309"
"2021-03-17","A.S. A CORUÑA E CEE","1.067","26.322","563"
"2021-03-17","A.S. FERROL","228","7.728","212"
"2021-03-17","A.S. LUGO, A MARIÑA E MONFORTE","218","11.490","210"
"2021-03-17","A.S. OURENSE, VERÍN E O BARCO","161","14.169","411"
"2021-03-17","A.S. PONTEVEDRA E O SALNÉS","214","12.212","161"
"2021-03-17","A.S. SANTIAGO E BARBANZA","284","17.678","350"
"2021-03-17","A.S. VIGO","500","20.812","406"
"2021-03-17","GALICIA","2.672","110.411","2.313"
"2021-03-18","A.S. A CORUÑA E CEE","1.045","26.392","564"
"2021-03-18","A.S. FERROL","221","7.742","212"
"2021-03-18","A.S. LUGO, A MARIÑA E MONFORTE","226","11.507","211"
"2021-03-18","A.S. OURENSE, VERÍN E O BARCO","166","14.183","411"
"2021-03-18","A.S. PONTEVEDRA E O SALNÉS","223","12.235","161"
"2021-03-18","A.S. SANTIAGO E BARBANZA","276","17.694","350"
"2021-03-18","A.S. VIGO","492","20.859","406"
"2021-03-18","GALICIA","2.649","110.612","2.315"
"2021-03-19","A.S. A CORUÑA E CEE","1.023","26.455","565"
"2021-03-19","A.S. FERROL","215","7.755","212"
"2021-03-19","A.S. LUGO, A MARIÑA E MONFORTE","218","11.521","211"
"2021-03-19","A.S. OURENSE, VERÍN E O BARCO","165","14.196","413"
"2021-03-19","A.S. PONTEVEDRA E O SALNÉS","214","12.257","161"
"2021-03-19","A.S. SANTIAGO E BARBANZA","285","17.704","350"
"2021-03-19","A.S. VIGO","504","20.881","406"
"2021-03-19","GALICIA","2.624","110.769","2.318"
"2021-03-20","A.S. A CORUÑA E CEE","999","26.503","565"
"2021-03-20","A.S. FERROL","207","7.771","212"
"2021-03-20","A.S. LUGO, A MARIÑA E MONFORTE","197","11.544","211"
"2021-03-20","A.S. OURENSE, VERÍN E O BARCO","156","14.209","413"
"2021-03-20","A.S. PONTEVEDRA E O SALNÉS","204","12.277","161"
"2021-03-20","A.S. SANTIAGO E BARBANZA","281","17.721","351"
"2021-03-20","A.S. VIGO","506","20.904","406"
"2021-03-20","GALICIA","2.550","110.929","2.319"
"2021-03-21","A.S. A CORUÑA E CEE","964","26.562","566"
"2021-03-21","A.S. FERROL","200","7.783","212"
"2021-03-21","A.S. LUGO, A MARIÑA E MONFORTE","194","11.552","211"
"2021-03-21","A.S. OURENSE, VERÍN E O BARCO","159","14.219","413"
"2021-03-21","A.S. PONTEVEDRA E O SALNÉS","215","12.282","161"
"2021-03-21","A.S. SANTIAGO E BARBANZA","273","17.739","351"
"2021-03-21","A.S. VIGO","500","20.928","407"
"2021-03-21","GALICIA","2.505","111.065","2.321"
"2021-03-22","A.S. A CORUÑA E CEE","974","26.594","566"
"2021-03-22","A.S. FERROL","198","7.791","212"
"2021-03-22","A.S. LUGO, A MARIÑA E MONFORTE","191","11.559","211"
"2021-03-22","A.S. OURENSE, VERÍN E O BARCO","162","14.221","413"
"2021-03-22","A.S. PONTEVEDRA E O SALNÉS","217","12.285","161"
"2021-03-22","A.S. SANTIAGO E BARBANZA","280","17.745","351"
"2021-03-22","A.S. VIGO","518","20.951","409"
"2021-03-22","GALICIA","2.540","111.146","2.323"
"2021-03-23","A.S. A CORUÑA E CEE","955","26.662","566"
"2021-03-23","A.S. FERROL","192","7.808","213"
"2021-03-23","A.S. LUGO, A MARIÑA E MONFORTE","186","11.572","211"
"2021-03-23","A.S. OURENSE, VERÍN E O BARCO","163","14.230","413"
"2021-03-23","A.S. PONTEVEDRA E O SALNÉS","215","12.301","161"
"2021-03-23","A.S. SANTIAGO E BARBANZA","281","17.761","354"
"2021-03-23","A.S. VIGO","527","20.988","411"
"2021-03-23","GALICIA","2.519","111.322","2.329"
"2021-03-24","A.S. A CORUÑA E CEE","939","26.723","566"
"2021-03-24","A.S. FERROL","181","7.830","213"
"2021-03-24","A.S. LUGO, A MARIÑA E MONFORTE","184","11.581","211"
"2021-03-24","A.S. OURENSE, VERÍN E O BARCO","158","14.240","413"
"2021-03-24","A.S. PONTEVEDRA E O SALNÉS","225","12.314","161"
"2021-03-24","A.S. SANTIAGO E BARBANZA","271","17.780","355"
"2021-03-24","A.S. VIGO","525","21.021","411"
"2021-03-24","GALICIA","2.483","111.489","2.330"
"2021-03-25","A.S. A CORUÑA E CEE","917","26.790","567"
"2021-03-25","A.S. FERROL","176","7.841","213"
"2021-03-25","A.S. LUGO, A MARIÑA E MONFORTE","184","11.592","211"
"2021-03-25","A.S. OURENSE, VERÍN E O BARCO","151","14.251","413"
"2021-03-25","A.S. PONTEVEDRA E O SALNÉS","217","12.328","161"
"2021-03-25","A.S. SANTIAGO E BARBANZA","274","17.788","355"
"2021-03-25","A.S. VIGO","538","21.056","411"
"2021-03-25","GALICIA","2.457","111.646","2.331"
"2021-03-26","A.S. A CORUÑA E CEE","902","26.839","567"
"2021-03-26","A.S. FERROL","162","7.861","214"
"2021-03-26","A.S. LUGO, A MARIÑA E MONFORTE","174","11.618","211"
"2021-03-26","A.S. OURENSE, VERÍN E O BARCO","144","14.261","413"
"2021-03-26","A.S. PONTEVEDRA E O SALNÉS","208","12.346","161"
"2021-03-26","A.S. SANTIAGO E BARBANZA","258","17.817","355"
"2021-03-26","A.S. VIGO","556","21.093","411"
"2021-03-26","GALICIA","2.404","111.835","2.332"
"2021-03-27","A.S. A CORUÑA E CEE","867","26.888","567"
"2021-03-27","A.S. FERROL","146","7.877","214"
"2021-03-27","A.S. LUGO, A MARIÑA E MONFORTE","162","11.631","211"
"2021-03-27","A.S. OURENSE, VERÍN E O BARCO","132","14.277","413"
"2021-03-27","A.S. PONTEVEDRA E O SALNÉS","209","12.350","161"
"2021-03-27","A.S. SANTIAGO E BARBANZA","233","17.855","355"
"2021-03-27","A.S. VIGO","560","21.117","411"
"2021-03-27","GALICIA","2.309","111.995","2.332"
